Summary transaction information from 2018-06-01 00:00:00 to 2018-08-31 00:00:00
Term_id Transaction_id Datetime Org_id Amount Account
55 35 2018-06-13 13:17:32 2 1321244 1310018
55 36 2018-06-13 13:17:33 20 4916952 779398
250 32 2018-06-13 13:17:34 25 5947383 501244
55 37 2018-06-13 13:17:34 24 4283223 1309507
55 38 2018-06-13 13:17:35 21 6979434 149270
304 35 2018-06-13 13:17:35 6 9660347 614796
1049 314 2018-06-13 13:17:36 2 6590471 912119
304 36 2018-06-13 13:17:36 1 6765910 1480935
304 37 2018-06-13 13:17:37 10 6660230 1180008
1049 315 2018-06-13 13:17:37 27 1093546 701453
1049 316 2018-06-13 13:17:38 11 1212529 115677
250 33 2018-06-13 13:17:38 26 7973428 873858
250 34 2018-06-13 13:17:39 23 5465626 949464
7 35 2018-06-13 13:17:39 28 5363275 901909
250 35 2018-06-13 13:17:40 29 2213342 1398415
304 38 2018-06-13 13:17:40 12 8894603 776728
304 39 2018-06-13 13:17:41 2 1955094 691948
304 40 2018-06-13 13:17:41 3 5397971 397916
1049 317 2018-06-13 13:17:42 4 5733116 225718
7 36 2018-06-13 13:17:43 27 2871819 689020
55 39 2018-06-13 13:17:43 2 3452626 1446264
7 37 2018-06-13 13:17:44 3 8936869 77719
55 40 2018-06-13 13:17:44 7 7963707 1164144
1049 318 2018-06-13 13:17:45 25 4363078 1238132
250 36 2018-06-13 13:17:45 21 6979993 203402
55 41 2018-06-13 13:17:46 1 5010583 905045
304 41 2018-06-13 13:17:46 15 6763429 875028
55 42 2018-06-13 13:17:47 27 3588229 156451
304 42 2018-06-13 13:17:47 26 1961231 744938
250 37 2018-06-13 13:17:48 9 6537756 657359
304 43 2018-06-13 13:17:48 29 6251033 1285341
304 44 2018-06-13 13:17:49 8 6390862 575095
55 43 2018-06-13 13:17:50 10 4725189 667309
304 45 2018-06-13 13:17:50 21 5070132 414554
55 44 2018-06-13 13:17:51 25 3859181 1089984
304 46 2018-06-13 13:17:52 10 1137058 1202222
250 38 2018-06-13 13:17:52 17 3959966 742929
7 38 2018-06-13 13:17:53 6 1443976 497554
250 39 2018-06-13 13:17:53 3 3431277 787897
250 40 2018-06-13 13:17:54 7 6706601 162680
55 45 2018-06-13 13:17:54 17 1681610 4166
55 46 2018-06-13 13:17:55 19 8922590 835128
304 47 2018-06-13 13:17:55 15 6108745 1287299
55 47 2018-06-13 13:17:56 17 7571637 1129564
304 48 2018-06-13 13:17:57 7 5283490 78281
304 49 2018-06-13 13:17:57 3 9565595 610704
304 50 2018-06-13 13:17:58 19 4258233 849266
250 41 2018-06-13 13:17:58 22 4909183 594902
7 40 2018-06-13 13:17:59 10 2577374 180349
304 51 2018-06-13 13:18:00 10 2525977 1399626
304 52 2018-06-13 13:18:00 10 4155829 777399
304 53 2018-06-13 13:18:01 20 3521777 227484
250 42 2018-06-13 13:18:01 23 2590319 424948
55 49 2018-06-13 13:18:02 12 7939107 1322390
7 41 2018-06-13 13:18:03 3 6180937 414281
304 54 2018-06-13 13:18:03 28 7013161 975278
7 42 2018-06-13 13:18:04 16 8567527 236201
55 50 2018-06-13 13:18:04 23 6610588 1203771
250 44 2018-06-13 13:18:05 22 8954410 1007818
1049 321 2018-06-13 13:18:05 1 9122859 1090538
55 51 2018-06-13 13:18:06 3 9956597 330594
7 43 2018-06-13 13:18:07 14 1956643 471137
304 55 2018-06-13 13:18:08 26 2810376 1240459
250 45 2018-06-13 13:18:08 21 7881153 470920
304 56 2018-06-13 13:18:09 19 9679838 1057163
7 44 2018-06-13 13:18:09 16 5109206 124258
7 45 2018-06-13 13:18:10 28 8060479 231622
250 46 2018-06-13 13:18:10 17 7738165 774680
7 46 2018-06-13 13:18:11 7 1967171 320444
250 47 2018-06-13 13:18:11 23 5736092 1254036
55 52 2018-06-13 13:18:12 25 3101139 900906
1049 324 2018-06-13 13:18:13 26 8143714 1391644
55 53 2018-06-13 13:18:13 13 5348296 1155843
55 54 2018-06-13 13:18:14 5 5216844 78636
55 55 2018-06-13 13:18:14 20 2161105 26991
55 56 2018-06-13 13:18:15 17 8172641 199000
7 47 2018-06-13 13:18:15 20 8614212 577381
55 57 2018-06-13 13:18:16 11 8736943 923869
55 58 2018-06-13 13:18:16 25 7092911 547613
7 48 2018-06-13 13:18:17 15 7705597 1232047
7 49 2018-06-13 13:18:17 24 8516455 970307
7 50 2018-06-13 13:18:18 26 2447253 1023045
250 48 2018-06-13 13:18:18 21 9579681 491635
7 51 2018-06-13 13:18:19 3 2459946 622800
55 59 2018-06-13 13:18:19 29 6830447 918258
1049 325 2018-06-13 13:18:20 26 8144009 978181
250 49 2018-06-13 13:18:20 14 1555625 1321623
1049 326 2018-06-13 13:18:21 11 8492816 524967
250 50 2018-06-13 13:18:22 21 2997077 269698
1049 328 2018-06-13 13:18:22 25 4110193 571883
250 51 2018-06-13 13:18:23 9 6558525 1232090
1049 329 2018-06-13 13:18:23 8 6637520 645392
1049 330 2018-06-13 13:18:24 20 9439455 753606
1049 331 2018-06-13 13:18:24 28 1211982 1114824
1049 332 2018-06-13 13:18:25 5 3442024 131521
7 52 2018-06-13 13:18:25 4 2309744 234918
7 53 2018-06-13 13:18:26 26 2335142 1277787
55 60 2018-06-13 13:18:26 28 7863922 407445
55 61 2018-06-13 13:18:27 28 2715800 861157
1049 333 2018-06-13 13:18:27 27 2249500 536081
1049 334 2018-06-13 13:18:28 24 7069914 1161177
1049 335 2018-06-13 13:18:29 7 5506904 659334
304 57 2018-06-13 13:18:29 8 3500653 1485077
7 54 2018-06-13 13:18:30 28 3405396 1438325
1049 336 2018-06-13 13:18:30 30 6754688 527050
7 55 2018-06-13 13:18:31 6 9018270 61240
55 62 2018-06-13 13:18:31 18 7921958 592772
250 52 2018-06-13 13:18:32 2 9082573 966777
55 63 2018-06-13 13:18:32 17 4285847 1141831
7 56 2018-06-13 13:18:33 5 4945895 778791
250 53 2018-06-13 13:18:33 9 7831245 193256
250 54 2018-06-13 13:18:34 15 8805242 183999
250 55 2018-06-13 13:18:34 29 8848180 50675
55 64 2018-06-13 13:18:35 24 4365331 832183
7 57 2018-06-13 13:18:35 20 8688713 257318
55 65 2018-06-13 13:18:36 12 1072286 1219289
304 58 2018-06-13 13:18:37 30 4458559 1439193
55 67 2018-06-13 13:18:37 10 1747134 186037
55 68 2018-06-13 13:18:38 1 6286602 144866
7 58 2018-06-13 13:18:38 24 8154253 492795
7 59 2018-06-13 13:18:39 21 1408436 1341239
250 56 2018-06-13 13:18:39 22 2464827 149108
1049 337 2018-06-13 13:18:40 19 8965037 1258499
7 60 2018-06-13 13:18:41 27 2767572 476754
7 61 2018-06-13 13:18:42 15 1582262 687537
1049 338 2018-06-13 13:18:42 5 8773305 290547
304 60 2018-06-13 13:18:43 7 5943871 145255
250 57 2018-06-13 13:18:43 16 1320682 238343
304 61 2018-06-13 13:18:44 9 4760233 852620
7 62 2018-06-13 13:18:44 28 3641457 806003
55 70 2018-06-13 13:18:45 23 6983893 136338
1049 339 2018-06-13 13:18:45 7 2770702 1418250
1049 340 2018-06-13 13:18:46 25 6398149 649261
304 62 2018-06-13 13:18:46 29 2424803 928672
55 71 2018-06-13 13:18:47 19 7475818 262391
55 72 2018-06-13 13:18:47 29 4311240 331296
250 58 2018-06-13 13:18:48 16 9335397 1083329
250 59 2018-06-13 13:18:48 10 5942210 1111633
304 63 2018-06-13 13:18:49 21 7138494 1029399
304 64 2018-06-13 13:18:49 26 6282019 544207
304 65 2018-06-13 13:18:50 27 5112577 665561
1049 341 2018-06-13 13:18:50 27 4890213 75850
304 66 2018-06-13 13:18:51 30 3830925 1210434
304 67 2018-06-13 13:18:52 8 6314024 1338366
304 68 2018-06-13 13:18:52 26 2677334 221635
1049 342 2018-06-13 13:18:53 18 8868355 802274
7 63 2018-06-13 13:18:53 10 8985269 1456499
304 69 2018-06-13 13:18:54 24 4267364 11868
1049 345 2018-06-13 13:19:41 10 5452730 645510
1049 346 2018-06-13 13:19:42 18 2018093 22974
250 62 2018-06-13 13:19:42 19 3075083 222548
1049 347 2018-06-13 13:19:43 24 5156584 21873
7 66 2018-06-13 13:19:43 15 5273549 914154
250 63 2018-06-13 13:19:44 7 3075695 663622
304 71 2018-06-13 13:19:44 1 3706797 1381437
7 67 2018-06-13 13:19:45 5 8908395 961140
7 68 2018-06-13 13:19:45 27 1510732 973185
55 74 2018-06-13 13:19:46 2 3798856 848615
7 69 2018-06-13 13:19:46 14 9625463 1208322
7 70 2018-06-13 13:19:47 13 2428306 49957
55 75 2018-06-13 13:19:47 18 8980912 353353
55 76 2018-06-13 13:19:48 2 5085664 174017
7 71 2018-06-13 13:19:48 20 4053764 1273845
304 72 2018-06-13 13:19:49 14 4208005 1238790
7 72 2018-06-13 13:19:49 24 9674127 693973
250 64 2018-06-13 13:19:50 20 8565849 1220346
55 77 2018-06-13 13:19:50 19 2916811 818070
7 73 2018-06-13 13:19:51 23 7733736 29529
7 74 2018-06-13 13:19:51 23 6018452 1247967
55 78 2018-06-13 13:19:52 12 9308431 832634
55 79 2018-06-13 13:19:52 16 6518424 952350
7 75 2018-06-13 13:19:53 8 1984526 220801
304 73 2018-06-13 13:19:53 10 8246918 1143685
304 75 2018-06-13 13:19:54 11 7297518 1095019
304 76 2018-06-13 13:19:55 24 2592305 497922
250 65 2018-06-13 13:19:55 14 3585851 581580
250 66 2018-06-13 13:19:56 25 9226917 1148400
7 76 2018-06-13 13:19:56 22 1178616 692228
250 67 2018-06-13 13:19:57 26 8855496 1278029
304 77 2018-06-13 13:19:57 7 4686291 777098
55 80 2018-06-13 13:19:58 28 5131624 598005
55 81 2018-06-13 13:19:58 24 2433090 502066
1049 348 2018-06-13 13:19:59 7 4868684 613983
250 68 2018-06-13 13:19:59 1 6331348 1149837
304 78 2018-06-13 13:20:00 25 8581277 830103
250 69 2018-06-13 13:20:00 5 5177731 782039
304 79 2018-06-13 13:20:01 4 1622644 1380355
250 70 2018-06-13 13:20:01 19 6247490 767953
250 71 2018-06-13 13:20:02 4 4418970 58446
1049 349 2018-06-13 13:20:02 5 6813503 376085
7 77 2018-06-13 13:20:03 6 3190427 430576
304 80 2018-06-13 13:20:03 17 5512239 1235032
7 78 2018-06-13 13:20:04 11 2979051 1445326
1049 350 2018-06-13 13:20:05 26 6483177 17679
1049 351 2018-06-13 13:20:05 20 1303155 1302593
250 72 2018-06-13 13:20:06 23 4413516 208430
304 81 2018-06-13 13:20:06 24 8664477 678161
304 82 2018-06-13 13:20:07 2 3460491 1303763
304 83 2018-06-13 13:20:07 6 1341869 910951
250 73 2018-06-13 13:20:08 1 4204749 1347055
1049 352 2018-06-13 13:20:09 3 8045628 1413602
250 74 2018-06-13 13:20:09 18 5730369 508461
55 82 2018-06-13 13:20:10 16 7917117 186994
250 75 2018-06-13 13:20:10 3 1788023 773615
55 83 2018-06-13 13:20:11 3 6560575 313053
1049 353 2018-06-13 13:20:11 12 3627014 398066
304 84 2018-06-13 13:20:12 4 9943309 1457967
7 80 2018-06-13 13:20:12 25 3417528 1337206
1049 354 2018-06-13 13:20:13 5 8678178 1187464
1049 355 2018-06-13 13:20:14 30 4213834 64778
55 84 2018-06-13 13:20:14 29 9019058 1063684
1049 356 2018-06-13 13:20:15 16 9247197 1306767
250 77 2018-06-13 13:20:15 13 1909107 902161
250 78 2018-06-13 13:20:16 8 1023655 478924
304 86 2018-06-13 13:20:17 23 7128589 13388
304 87 2018-06-13 13:20:17 8 3959197 315097
55 85 2018-06-13 13:20:18 24 8989147 270525
1049 357 2018-06-13 13:20:18 7 7351992 453203
55 86 2018-06-13 13:20:19 1 4083815 1389316
55 87 2018-06-13 13:20:19 7 9103991 1150321
1049 358 2018-06-13 13:20:20 6 8382332 1363043
304 88 2018-06-13 13:20:20 12 7281048 232782
7 81 2018-06-13 13:20:21 13 5472050 104451
304 89 2018-06-13 13:20:21 20 5709888 951134
250 79 2018-06-13 13:20:22 22 7977371 917089
304 90 2018-06-13 13:20:22 18 8116499 1390073
1049 359 2018-06-13 13:20:23 27 3805978 381798
55 89 2018-06-13 13:20:24 25 8398404 449481
250 80 2018-06-13 13:20:24 16 6901081 217929
304 91 2018-06-13 13:20:25 22 8515712 269287
7 82 2018-06-13 13:20:25 30 2151012 1228369
1049 360 2018-06-13 13:20:26 29 4390379 762638
7 83 2018-06-13 13:20:27 21 1321755 982050
7 84 2018-06-13 13:20:27 23 1021113 818934
1049 362 2018-06-13 13:20:28 11 4654700 1265536
304 92 2018-06-13 13:20:28 3 1928246 676013
304 93 2018-06-13 13:20:29 28 3888429 582871
304 94 2018-06-13 13:20:29 7 8880489 427847
1049 363 2018-06-13 13:20:30 5 9384530 629014
1049 364 2018-06-13 13:20:30 30 8928565 228776
1049 365 2018-06-13 13:20:31 22 7883014 814372
304 95 2018-06-13 13:20:32 16 7054779 308857
7 85 2018-06-13 13:20:32 4 7076405 926778
304 96 2018-06-13 13:20:33 20 4268448 1044081
1049 366 2018-06-13 13:20:33 23 3069866 326343
55 90 2018-06-13 13:20:34 8 1059877 511047
55 91 2018-06-13 13:20:34 3 4520049 1081837
250 81 2018-06-13 13:20:35 14 9288026 1443346
304 97 2018-06-13 13:20:35 26 5721225 93724
1049 367 2018-06-13 13:20:36 17 3268122 221984
1049 368 2018-06-13 13:20:36 5 7172839 897638
1049 369 2018-06-13 13:20:37 21 5666226 1310932
1049 370 2018-06-13 13:20:37 10 7915786 544391
304 98 2018-06-13 13:20:38 15 4373854 1019369
55 92 2018-06-13 13:20:38 20 3302485 516958
7 86 2018-06-13 13:20:39 12 9589230 693786
250 82 2018-06-13 13:20:39 4 3101378 1431146
304 99 2018-06-13 13:20:40 25 6411132 855354
7 87 2018-06-13 13:20:40 23 1744037 476825
304 100 2018-06-13 13:20:41 14 5898843 1383356
250 83 2018-06-13 13:20:41 10 3798551 802492
250 84 2018-06-13 13:20:42 25 9050860 1449490
7 88 2018-06-13 13:20:42 3 8683543 1268373
250 85 2018-06-13 13:20:43 11 5807181 884639
7 89 2018-06-13 13:20:43 4 9519668 1211722
304 101 2018-06-13 13:20:44 6 3494439 1161138
55 93 2018-06-13 13:20:44 6 8988048 651592
7 90 2018-06-13 13:20:45 28 3337876 597386
55 94 2018-06-13 13:20:45 20 3800222 814971
55 95 2018-06-13 13:20:46 7 2930598 1300842
7 91 2018-06-13 13:20:46 3 4264724 969842
250 86 2018-06-13 13:20:47 7 1544710 596250
250 87 2018-06-13 13:20:47 24 4465377 1200967
1049 371 2018-06-13 13:20:48 13 9406084 292975
7 93 2018-06-13 13:20:49 22 3651157 311244
55 96 2018-06-13 13:20:49 3 7720654 39760
1049 372 2018-06-13 13:20:50 21 5622262 1059734
304 103 2018-06-13 13:20:51 22 8525140 422946
304 104 2018-06-13 13:20:51 10 5494824 1208015
304 105 2018-06-13 13:20:52 23 6260165 437271
55 97 2018-06-13 13:20:53 10 7656172 1318779
250 89 2018-06-13 13:20:53 16 1244369 18530
250 90 2018-06-13 13:20:54 30 7276531 1331640
55 98 2018-06-13 13:20:54 17 5479232 916560
304 106 2018-06-13 13:20:55 23 7668126 656601
55 99 2018-06-13 13:20:55 10 4072467 1204466
304 107 2018-06-13 13:20:56 12 7431201 1023187
7 94 2018-06-13 13:20:57 11 4160702 84505
304 108 2018-06-13 13:20:57 20 1960867 860559
304 109 2018-06-13 13:20:58 6 9729884 1196768
1049 373 2018-06-13 13:20:58 21 8029048 669292
250 91 2018-06-13 13:20:59 5 7108405 856176
7 95 2018-06-13 13:20:59 7 6781873 334269
250 92 2018-06-13 13:21:00 13 5059831 884749
1049 374 2018-06-13 13:21:00 19 2481444 511386
7 96 2018-06-13 13:21:01 3 2344095 312586
7 97 2018-06-13 13:21:01 18 8637328 483726
7 98 2018-06-13 13:21:02 2 7520772 595454
7 99 2018-06-13 13:21:02 12 2369735 1271818
1049 375 2018-06-13 13:21:03 3 4349967 885877
7 100 2018-06-13 13:21:03 8 8707228 216459
250 93 2018-06-13 13:21:04 13 9444464 1065294
55 100 2018-06-13 13:21:04 10 7509649 516449
55 101 2018-06-13 13:21:05 9 7994278 814201
304 110 2018-06-13 13:21:05 1 1155727 772311
250 94 2018-06-13 13:21:06 19 6806725 79304
7 101 2018-06-13 13:21:06 11 9063844 672063
1049 376 2018-06-13 13:21:07 5 8669515 584160
55 103 2018-06-13 13:21:08 10 7736572 630114
250 95 2018-06-13 13:21:08 15 2747370 737578
7 102 2018-06-13 13:21:09 7 1396446 1200164
55 104 2018-06-13 13:21:09 19 9674148 298718
250 96 2018-06-13 13:21:10 13 6639518 217743
7 103 2018-06-13 13:21:11 23 4026930 1230755
1049 378 2018-06-13 13:21:11 29 4167748 1431437
304 111 2018-06-13 13:21:12 17 1305727 655968
7 104 2018-06-13 13:21:12 8 4724100 1149858
304 112 2018-06-13 13:21:13 1 4453538 85444
1049 379 2018-06-13 13:21:13 28 3688616 648352
7 105 2018-06-13 13:21:14 9 2682294 863752
7 106 2018-06-13 13:21:14 21 2673017 1180098
55 105 2018-06-13 13:21:15 7 6236012 1122943
250 97 2018-06-13 13:21:15 30 1728160 32804
55 106 2018-06-13 13:21:16 7 4468830 1080542
1049 380 2018-06-13 13:21:16 19 9939096 790516
250 98 2018-06-13 13:21:17 9 4496329 1450756
55 107 2018-06-13 13:21:17 20 2086890 1154282
55 108 2018-06-13 13:21:18 20 8585430 742162
7 107 2018-06-13 13:21:18 1 8064565 982016
250 99 2018-06-13 13:21:19 7 3367747 700521
250 100 2018-06-13 13:21:19 6 1914591 107561
7 109 2018-06-13 13:21:21 28 6741840 295244
304 113 2018-06-13 13:21:21 26 3804571 54638
304 114 2018-06-13 13:21:22 5 3293341 289337
7 110 2018-06-13 13:21:22 26 2216320 893975
55 109 2018-06-13 13:21:23 5 6959062 440322
7 111 2018-06-13 13:21:23 5 5135968 251284
304 115 2018-06-13 13:21:24 18 9765525 173825
7 112 2018-06-13 13:21:24 27 5131668 178566
55 110 2018-06-13 13:21:25 14 7971399 46093
1049 381 2018-06-13 13:21:25 9 8383859 970258
304 116 2018-06-13 13:21:26 21 3174908 638236
7 113 2018-06-13 13:21:26 18 4142643 494490
7 114 2018-06-13 13:21:27 14 3466966 1199084
250 101 2018-06-13 13:21:27 27 9834784 780947
55 111 2018-06-13 13:21:28 11 7175041 458964
250 102 2018-06-13 13:21:28 1 8389930 645193
1049 382 2018-06-13 13:21:29 9 4937197 1324418
7 115 2018-06-13 13:21:29 13 9725211 1334381
55 112 2018-06-13 13:21:30 9 2018077 885263
7 116 2018-06-13 13:21:30 15 4756722 747751
304 117 2018-06-13 13:21:31 23 5376477 1134689
1049 383 2018-06-13 13:21:31 18 4262136 272794
55 113 2018-06-13 13:21:32 22 1542550 879967
250 103 2018-06-13 13:21:32 2 8733675 743138
250 104 2018-06-13 13:21:33 20 7965281 57103
1049 384 2018-06-13 13:21:33 10 8761698 1343688
304 118 2018-06-13 13:21:34 17 4460616 1239771
1049 385 2018-06-13 13:21:34 7 7170223 1395330
7 117 2018-06-13 13:21:35 21 7781274 1339247
7 118 2018-06-13 13:21:35 13 3130959 1318434
7 119 2018-06-13 13:21:36 3 7101900 37221
250 105 2018-06-13 13:21:36 26 5667749 362877
7 120 2018-06-13 13:21:37 20 7189254 469482
1049 386 2018-06-13 13:21:39 12 7189583 331305
304 120 2018-06-13 13:21:39 28 1368589 863466
1049 387 2018-06-13 13:21:40 30 8842510 875347
250 107 2018-06-13 13:21:40 5 2862579 532186
1049 388 2018-06-13 13:21:41 5 1973610 1087696
304 121 2018-06-13 13:21:42 4 6555518 526459
304 122 2018-06-13 13:21:42 24 2173735 513178
250 108 2018-06-13 13:21:43 4 3326372 520672
7 121 2018-06-13 13:21:43 29 7549361 12452
55 114 2018-06-13 13:21:44 26 7029620 1084940
1049 390 2018-06-13 13:21:44 30 2430986 559509
55 115 2018-06-13 13:21:45 28 3908990 971035
1049 391 2018-06-13 13:21:45 17 2995869 1240175
250 109 2018-06-13 13:21:46 8 1371386 629494
7 122 2018-06-13 13:21:46 11 8342968 342671
55 116 2018-06-13 13:21:47 12 3536779 97549
250 110 2018-06-13 13:21:47 25 5029133 33783
1049 392 2018-06-13 13:21:48 23 9985357 204004
1049 393 2018-06-13 13:21:48 19 9363353 500017
55 117 2018-06-13 13:21:49 22 6189727 617348
7 123 2018-06-13 13:21:49 19 6759541 566436
304 123 2018-06-13 13:21:50 12 3531799 223061
55 119 2018-06-13 13:21:51 11 3981007 102878
55 120 2018-06-13 13:21:51 15 6893229 646203
7 124 2018-06-13 13:21:52 5 6666290 1171605
1049 394 2018-06-13 13:21:52 18 3012059 1346881
250 111 2018-06-13 13:21:53 17 7076410 264838
1049 395 2018-06-13 13:21:54 3 7764917 1094441
7 126 2018-06-13 13:21:54 26 6195787 751956
1049 396 2018-06-13 13:21:55 29 9419629 693933
55 121 2018-06-13 13:21:55 2 1432014 1383798
55 122 2018-06-13 13:21:56 7 9434652 131996
55 123 2018-06-13 13:21:56 26 9050540 371216
7 127 2018-06-13 13:21:57 17 6728533 424430
7 128 2018-06-13 13:21:57 13 2891869 622805
7 129 2018-06-13 13:21:58 8 7436729 779103
55 124 2018-06-13 13:21:58 19 1326824 1499538
250 112 2018-06-13 13:21:59 3 5151720 1408576
250 113 2018-06-13 13:21:59 18 9770195 1409382
55 125 2018-06-13 13:22:00 25 2539912 1409808
7 130 2018-06-13 13:22:00 1 5695936 972826
1049 397 2018-06-13 13:22:01 23 1825164 717529
304 124 2018-06-13 13:22:01 8 6405220 870114
250 115 2018-06-14 10:02:52 5 9976548 1249555
55 127 2018-06-14 10:02:52 3 8423606 450549
250 116 2018-06-14 10:02:53 7 7563336 1461164
55 128 2018-06-14 10:02:53 12 4898223 1138478
1049 399 2018-06-14 10:02:54 7 5485124 1150433
1049 400 2018-06-14 10:02:54 9 7990973 330820
250 117 2018-06-14 10:02:55 14 9375750 97074
304 126 2018-06-14 10:02:55 10 1471157 587478
1049 401 2018-06-14 10:02:56 26 2607616 386402
1049 402 2018-06-14 10:02:56 22 8077401 1066448
7 132 2018-06-14 10:02:57 18 8955460 513372
7 133 2018-06-14 10:02:57 18 9756598 204905
250 118 2018-06-14 10:02:58 24 6933608 1076841
7 134 2018-06-14 10:02:58 27 1891954 176870
7 135 2018-06-14 10:02:59 13 6059533 944872
250 119 2018-06-14 10:02:59 17 3699441 200536
1049 403 2018-06-14 10:03:00 12 2154245 1478452
1049 405 2018-06-14 10:03:01 16 8935281 306335
250 120 2018-06-14 10:03:01 5 4690720 463938
250 121 2018-06-14 10:03:02 24 7348769 423639
304 127 2018-06-14 10:03:02 3 5595585 1301172
55 129 2018-06-14 10:03:03 21 4063037 185446
55 130 2018-06-14 10:03:03 19 4138945 1161508
7 136 2018-06-14 10:03:04 22 2557930 351891
55 131 2018-06-14 10:03:04 3 2676833 428365
304 128 2018-06-14 10:03:05 23 8988095 935133
7 137 2018-06-14 10:03:05 2 1547589 606620
7 138 2018-06-14 10:03:06 26 7031227 1445057
1049 406 2018-06-14 10:03:06 16 6406767 1339113
7 139 2018-06-14 10:03:07 11 5807670 262916
55 132 2018-06-14 10:03:07 30 9365411 509834
55 133 2018-06-14 10:03:08 23 4053586 1196383
304 129 2018-06-14 10:03:08 5 4991822 213312
1049 407 2018-06-14 10:03:09 7 4369559 216661
7 140 2018-06-14 10:03:09 13 1606949 824651
7 141 2018-06-14 10:03:10 26 2195563 12760
304 130 2018-06-14 10:03:11 12 9727555 1158770
250 122 2018-06-14 10:03:11 16 3805696 741514
1049 408 2018-06-14 10:03:12 6 1741347 1203623
7 142 2018-06-14 10:03:12 27 5971650 446916
304 131 2018-06-14 10:03:13 4 2846831 376412
304 132 2018-06-14 10:03:14 16 9611329 573241
250 124 2018-06-14 10:03:14 11 6165781 731154
7 143 2018-06-14 10:03:15 15 1823232 165410
7 144 2018-06-14 10:03:15 27 2269381 109502
1049 409 2018-06-14 10:03:16 22 3822480 555811
55 135 2018-06-14 10:03:16 4 1695931 1492579
55 136 2018-06-14 10:03:17 14 4627110 1027358
7 145 2018-06-14 10:03:17 15 5604051 1038892
7 147 2018-06-14 10:03:18 30 3225283 178327
1049 410 2018-06-14 10:03:19 10 6693445 1011270
55 137 2018-06-14 10:03:19 6 1850221 916042
7 148 2018-06-14 10:03:20 11 6196314 802222
250 125 2018-06-14 10:03:20 26 2307344 641040
304 133 2018-06-14 10:03:21 25 3925925 1272225
1049 411 2018-06-14 10:03:21 4 9803464 985310
250 126 2018-06-14 10:03:22 5 7489659 1286992
304 134 2018-06-14 10:03:22 21 4765769 126598
55 138 2018-06-14 10:03:23 30 9834517 1073213
250 127 2018-06-14 10:03:23 1 8604944 1266026
304 135 2018-06-14 10:03:24 19 9036072 911060
250 128 2018-06-14 10:03:24 27 1473324 1293132
1049 412 2018-06-14 10:03:25 18 9224142 1303033
304 137 2018-06-14 10:03:26 30 5530103 830379
1049 413 2018-06-14 10:03:26 15 4227888 1432842
250 129 2018-06-14 10:03:27 29 7537332 1125516
304 138 2018-06-14 10:03:27 28 4798702 769044
250 130 2018-06-14 10:03:28 6 2265792 244761
55 139 2018-06-14 10:03:28 13 4943872 1132554
55 140 2018-06-14 10:03:29 18 8197026 75855
304 139 2018-06-14 10:03:29 12 5768044 1381688
55 141 2018-06-14 10:03:30 24 4971699 293544
7 149 2018-06-14 10:03:30 1 7755029 108357
1049 414 2018-06-14 10:03:31 29 4704989 1071198
55 142 2018-06-14 10:03:31 7 6478035 684471
1049 415 2018-06-14 10:03:32 10 9690175 400768
1049 416 2018-06-14 10:03:32 24 9078715 555536
250 131 2018-06-14 10:03:33 5 2007359 1147898
304 140 2018-06-14 10:03:34 21 8796365 332024
7 150 2018-06-14 10:03:34 20 7821406 462833
250 132 2018-06-14 10:03:35 4 5757895 695100
7 151 2018-06-14 10:03:35 25 2714949 124930
55 143 2018-06-14 10:03:36 18 9804490 470585
250 133 2018-06-14 10:03:36 12 3454589 579192
250 134 2018-06-14 10:03:37 19 4380236 508972
55 144 2018-06-14 10:03:37 6 5549047 534164
1049 418 2018-06-14 10:03:38 16 1795675 1489718
1049 419 2018-06-14 10:03:38 28 6716497 1046279
304 141 2018-06-14 10:03:39 21 7635841 1489789
250 135 2018-06-14 10:03:39 15 6722578 575591
1049 420 2018-06-14 10:03:40 21 3916983 214797
304 142 2018-06-14 10:03:41 1 2938794 1148191
1049 421 2018-06-14 10:03:41 10 9327688 539523
55 145 2018-06-14 10:03:42 5 6231028 1181432
55 146 2018-06-14 10:03:42 5 5221992 351030
250 137 2018-06-14 10:03:43 23 3098107 1315981
55 147 2018-06-14 10:03:43 13 1878691 509716
304 143 2018-06-14 10:03:44 22 2962950 278576
304 144 2018-06-14 10:03:44 3 3738522 1037024
250 138 2018-06-14 10:03:45 13 9905859 665978
55 148 2018-06-14 10:03:45 22 4758490 44147
1049 422 2018-06-14 10:03:46 20 9058678 52163
7 152 2018-06-14 10:03:46 5 2445280 794484
250 139 2018-06-14 10:03:47 6 4616486 167654
7 153 2018-06-14 10:03:47 19 5432793 52342
250 140 2018-06-14 10:03:48 25 5061162 324052
7 154 2018-06-14 10:03:48 27 2972378 1424105
7 155 2018-06-14 10:03:49 10 9417205 992806
55 149 2018-06-14 10:03:49 22 6084796 793035
7 156 2018-06-14 10:03:50 18 8423058 1289101
7 157 2018-06-14 10:03:50 19 9100163 484835
1049 423 2018-06-14 10:03:51 24 5655646 905440
1049 424 2018-06-14 10:03:51 17 1494570 1482450
7 158 2018-06-14 10:03:52 27 8541620 515143
7 159 2018-06-14 10:03:53 28 1669975 1337220
55 151 2018-06-14 10:03:53 20 9972579 732674
304 145 2018-06-14 10:03:54 23 9011596 1233222
7 160 2018-06-14 10:03:54 16 1877719 1182256
1049 425 2018-06-14 10:03:55 21 8592120 679988
7 161 2018-06-14 10:03:55 6 7486396 186394
7 162 2018-06-14 10:03:56 20 4359973 353221
1049 426 2018-06-14 10:03:56 27 9182496 269435
1049 427 2018-06-14 10:03:57 21 8568210 1106701
304 146 2018-06-14 10:03:58 15 9451448 266493
304 147 2018-06-14 10:03:58 29 6917423 737485
55 152 2018-06-14 10:03:59 21 2223690 72620
1049 428 2018-06-14 10:03:59 29 9465751 294819
304 148 2018-06-14 10:04:00 1 6387069 51710
1049 429 2018-06-14 10:04:00 21 8071577 622601
7 164 2018-06-14 10:04:01 22 4173781 71374
250 141 2018-06-14 10:04:01 28 9670038 212830
55 153 2018-06-14 10:04:02 1 6198521 766458
304 149 2018-06-14 10:04:02 4 8091534 166343
7 165 2018-06-14 10:04:03 5 4008430 1107845
304 150 2018-06-14 10:04:03 15 5822396 1457976
250 142 2018-06-14 10:04:04 6 3936918 985319
250 143 2018-06-14 10:04:04 30 7862526 1412957
250 144 2018-06-14 10:04:05 19 5895875 442971
7 166 2018-06-14 10:04:06 24 5841914 1386578
55 154 2018-06-14 10:04:06 22 3070737 1423631
250 145 2018-06-14 10:04:07 5 1312700 75165
7 167 2018-06-14 10:04:07 25 7485000 1251150
7 168 2018-06-14 10:04:08 17 5811276 1154006
55 155 2018-06-14 10:04:08 27 9240395 1362393
55 156 2018-06-14 10:04:09 6 9823738 512243
1049 430 2018-06-14 10:04:09 13 3335786 12702
7 169 2018-06-14 10:04:10 4 2982045 561626
304 152 2018-06-14 10:04:10 5 7756021 1093269
1049 431 2018-06-14 10:04:11 7 4512123 695515
1049 432 2018-06-14 10:04:11 18 6124461 37178
304 153 2018-06-14 10:04:12 6 9176047 531380
250 146 2018-06-14 10:04:12 9 2632303 733074
250 147 2018-06-14 10:04:13 2 8576462 798747
250 148 2018-06-14 10:04:14 15 3571614 520653
7 170 2018-06-14 10:04:14 4 3508428 471367
7 171 2018-06-14 10:04:15 30 2211359 1065404
250 149 2018-06-14 10:04:15 2 8006993 522571
250 150 2018-06-14 10:04:16 22 4393705 1340328
250 151 2018-06-14 10:04:16 13 3998927 1432054
55 157 2018-06-14 10:04:17 26 2578144 112629
304 154 2018-06-14 10:04:17 18 1971632 1026049
304 155 2018-06-14 10:04:18 28 3139680 1496610
304 156 2018-06-14 10:04:18 8 8406504 1068019
304 157 2018-06-14 10:04:19 12 2720558 923629
1049 433 2018-06-14 10:04:19 17 9207740 879798
7 172 2018-06-14 10:04:20 27 7847373 1391990
7 173 2018-06-14 10:04:20 8 1021281 1318457
7 174 2018-06-14 10:04:22 24 2223616 1480094
55 158 2018-06-14 10:04:22 20 3989275 887413
304 158 2018-06-14 10:04:23 10 9809997 1333532
304 159 2018-06-14 10:04:23 27 8374791 1046883
250 153 2018-06-14 10:04:24 1 2922779 1335333
1049 435 2018-06-14 10:04:24 23 8194209 345219
55 159 2018-06-14 10:04:25 24 1943721 1175182
55 160 2018-06-14 10:04:25 4 9295093 170425
250 154 2018-06-14 10:04:26 7 2997383 975130
1049 436 2018-06-14 10:04:26 2 3434317 535948
304 160 2018-06-14 10:04:27 20 2816584 363387
250 155 2018-06-14 10:04:27 21 3351314 703323
55 161 2018-06-14 10:04:28 17 4876053 176136
7 176 2018-06-14 10:04:29 25 3530577 693014
304 161 2018-06-14 10:04:29 21 5286367 566608
250 156 2018-06-14 10:04:30 20 4296618 264686
250 157 2018-06-14 10:04:30 6 1305953 343117
55 162 2018-06-14 10:04:31 29 6417062 461756
304 162 2018-06-14 10:04:31 28 3584164 154376
7 177 2018-06-14 10:04:32 21 2035325 684561
1049 437 2018-06-14 10:04:32 12 7383848 29104
250 158 2018-06-14 10:04:33 11 3648525 753034
304 163 2018-06-14 10:04:33 5 7512144 1292470
55 163 2018-06-14 10:04:34 9 8316291 856815
55 164 2018-06-14 10:04:34 21 8682389 1321301
250 159 2018-06-14 10:04:35 26 4581900 291554
250 160 2018-06-14 10:04:36 4 6527665 1075083
250 161 2018-06-14 10:04:36 19 1715031 1017193
304 165 2018-06-14 10:04:37 24 6258843 155423
250 162 2018-06-14 10:04:37 16 3955766 478384
7 178 2018-06-14 10:04:38 5 1844356 895695
1049 438 2018-06-14 10:04:38 25 2324175 500118
304 166 2018-06-14 10:04:39 14 6684550 640063
55 166 2018-06-14 10:04:40 27 3828940 1056726
250 163 2018-06-14 10:04:40 28 7530168 509206
304 167 2018-06-14 10:04:41 24 7133813 263967
7 179 2018-06-14 10:04:41 5 5361768 135174
55 167 2018-06-14 10:04:42 2 1441199 238666
250 164 2018-06-14 10:04:42 2 7546471 479729
304 168 2018-06-14 10:04:43 19 1617919 1179339
250 165 2018-06-14 10:04:43 25 9885560 162768
1049 439 2018-06-14 10:04:44 9 9448325 518337
55 168 2018-06-14 10:04:44 16 2396054 1034055
7 180 2018-06-14 10:04:45 16 2720819 1282062
55 169 2018-06-14 10:04:45 11 4713110 920263
1049 440 2018-06-14 10:04:46 26 4389925 1288160
1049 441 2018-06-14 10:04:46 20 1234157 496798
55 170 2018-06-14 10:04:47 1 7211102 166760
304 169 2018-06-14 10:04:47 28 7868540 752797
55 171 2018-06-14 10:04:48 30 4102612 1277268
7 181 2018-06-14 10:04:48 19 9482669 817732
55 172 2018-06-14 10:04:49 6 9043212 259550
7 182 2018-06-14 10:04:49 23 8804217 409498
55 173 2018-06-14 10:04:50 21 6059998 543947
304 170 2018-06-14 10:04:50 23 6584474 1199754
55 174 2018-06-14 10:04:51 4 5017030 778998
7 183 2018-06-14 10:04:51 7 6529429 89473
55 175 2018-06-14 10:04:52 17 5924609 1261803
55 176 2018-06-14 10:04:52 20 1772923 1397906
304 171 2018-06-14 10:04:53 9 5698807 138382
250 166 2018-06-14 10:04:53 21 8458659 523839
1049 442 2018-06-14 10:04:54 9 1499430 1098387
250 167 2018-06-14 10:04:54 13 8462266 600285
55 177 2018-06-14 10:04:55 16 6612793 1108829
7 184 2018-06-14 10:04:55 18 6355439 831645
7 185 2018-06-14 10:04:56 13 1338702 1330089
304 172 2018-06-14 10:04:57 14 7099919 436759
1049 443 2018-06-14 10:04:57 4 7403417 85412
304 173 2018-06-14 10:04:58 4 4265146 337926
55 179 2018-06-14 10:04:58 28 8707888 153633
1049 444 2018-06-14 10:04:59 2 7446703 1210309
7 186 2018-06-14 10:04:59 25 5577229 1178160
7 187 2018-06-14 10:05:00 5 1674894 120644
250 168 2018-06-14 10:05:00 5 4554986 359870
7 188 2018-06-14 10:05:01 7 6848496 758370
7 189 2018-06-14 10:05:01 30 4614586 1461830
55 180 2018-06-14 10:05:02 3 7696301 1396967
55 181 2018-06-14 10:05:03 7 2774346 1046050
304 174 2018-06-14 10:05:03 4 7777981 1190207
304 175 2018-06-14 10:05:04 7 6562603 562923
55 182 2018-06-14 10:05:04 10 7795657 800603
1049 445 2018-06-14 10:05:05 8 2297990 530620
304 176 2018-06-14 10:05:05 20 6379369 567454
250 169 2018-06-14 10:05:06 26 4842613 74346
1049 446 2018-06-14 10:05:06 2 6580479 270492
250 170 2018-06-14 10:05:07 13 4762683 789298
304 177 2018-06-14 10:05:07 9 9283794 831954
7 191 2018-06-14 10:05:08 18 7891824 1126562
304 178 2018-06-14 10:05:08 17 6566915 231700
304 179 2018-06-14 10:05:09 15 8026134 424471
7 192 2018-06-14 10:05:09 26 6397269 815779
250 172 2018-06-14 10:05:10 17 1645793 367089
304 180 2018-06-14 10:05:11 26 5743745 334173
7 193 2018-06-14 10:05:11 13 7594987 177476
7 194 2018-06-14 10:05:12 21 8184454 944131
304 181 2018-06-14 10:05:12 29 2604836 1464575
1049 447 2018-06-14 10:05:13 26 3682658 342156
55 183 2018-06-14 10:05:13 16 5982278 654039
1049 448 2018-06-14 10:05:14 7 9867964 127800
1049 449 2018-06-14 10:05:15 8 5600465 1131442
304 183 2018-06-14 10:05:15 12 9990071 702385
7 195 2018-06-14 10:05:16 27 6403845 747014
55 184 2018-06-14 10:05:16 2 7600761 245830
55 185 2018-06-14 10:05:17 12 4287927 29270
7 196 2018-06-14 10:05:17 10 6711704 778716
304 184 2018-06-14 10:05:18 3 1087217 397765
7 197 2018-06-14 10:05:18 23 6109609 1377562
304 185 2018-06-14 10:05:19 24 2176559 1481719
304 186 2018-06-14 10:05:19 7 2761914 499873
304 189 2018-06-15 11:12:51 19 6647335 945183
7 200 2018-06-15 11:12:51 21 8713672 491547
55 188 2018-06-15 11:12:52 1 2936670 995942
1049 452 2018-06-15 11:12:52 21 4193684 166279
7 201 2018-06-15 11:12:53 22 2503291 557400
304 190 2018-06-15 11:12:53 8 2444737 42393
304 191 2018-06-15 11:12:54 25 8726992 1105707
250 175 2018-06-15 11:12:54 12 2690224 697555
1049 453 2018-06-15 11:12:55 28 3331776 213722
304 192 2018-06-15 11:12:55 19 1521326 302533
250 176 2018-06-15 11:12:56 16 7207784 661010
7 202 2018-06-15 11:12:56 23 8500162 1395653
250 177 2018-06-15 11:12:57 18 4672662 160028
250 178 2018-06-15 11:12:57 21 6069704 1114468
55 189 2018-06-15 11:12:58 13 1516708 367144
55 190 2018-06-15 11:12:58 30 3118187 473834
55 191 2018-06-15 11:12:59 4 3352446 1294363
304 193 2018-06-15 11:12:59 27 3529287 1110964
1049 454 2018-06-15 11:13:00 8 4526317 642448
7 203 2018-06-15 11:13:00 20 2288877 1354228
55 192 2018-06-15 11:13:01 19 7796821 276125
1049 455 2018-06-15 11:13:01 3 3770191 927752
250 179 2018-06-15 11:13:02 4 7922155 1241824
250 180 2018-06-15 11:13:02 13 9290248 96995
250 181 2018-06-15 11:13:03 25 4458594 1278182
250 182 2018-06-15 11:13:04 3 8603441 544584
55 193 2018-06-15 11:13:04 20 1889581 1249525
250 183 2018-06-15 11:13:05 30 9062791 216398
250 186 2018-06-15 11:13:37 28 7587368 425455
250 187 2018-06-15 11:13:38 5 1471531 1115844
1049 459 2018-06-15 11:13:38 17 3297534 236577
7 206 2018-06-15 11:13:39 19 2172576 1071665
1049 460 2018-06-15 11:13:39 29 8513039 24846
55 196 2018-06-15 11:13:40 12 2032877 923537
1049 461 2018-06-15 11:13:40 3 7241078 1311761
55 197 2018-06-15 11:13:41 9 1666124 1133327
250 188 2018-06-15 11:13:42 29 7418648 1018613
7 208 2018-06-15 11:13:42 5 7332241 595009
7 209 2018-06-15 11:13:43 8 5415533 1042810
250 189 2018-06-15 11:13:43 6 7107860 34425
55 199 2018-06-15 11:13:44 23 7910432 1235882
1049 462 2018-06-15 11:13:45 5 4413026 1041923
7 210 2018-06-15 11:13:45 18 9140890 173604
1049 463 2018-06-15 11:13:46 25 8451607 480823
1049 464 2018-06-15 11:13:46 5 1831811 1077728
55 200 2018-06-15 11:13:47 10 8051423 234591
304 196 2018-06-15 11:13:47 15 5332866 48270
55 201 2018-06-15 11:13:48 22 6144391 497933
55 202 2018-06-15 11:13:48 14 6912759 1038594
7 211 2018-06-15 11:13:49 7 7842842 525287
304 197 2018-06-15 11:13:49 4 1310012 911794
55 203 2018-06-15 11:13:50 8 9508684 768068
7 212 2018-06-15 11:13:50 18 4608387 502202
250 190 2018-06-15 11:13:51 1 3914147 390117
55 204 2018-06-15 11:13:52 18 1137519 392379
1049 467 2018-06-15 11:31:38 11 4915622 1084066
1049 468 2018-06-15 11:31:39 20 1549643 726734
304 200 2018-06-15 11:31:39 14 8024068 1401483
250 193 2018-06-15 11:31:40 12 7523109 1210798
55 207 2018-06-15 11:31:40 30 4046216 1044437
304 201 2018-06-15 11:31:41 2 4437745 1307692
7 215 2018-06-15 11:31:41 3 4203550 1127467
55 208 2018-06-15 11:31:42 5 5654484 556269
7 216 2018-06-15 11:31:42 5 5219184 1349246
55 209 2018-06-15 11:31:43 5 9472717 916177
304 203 2018-06-15 11:31:44 1 9641195 579934
7 217 2018-06-15 11:31:44 16 5498861 1015250
7 218 2018-06-15 11:31:45 28 2404170 290085
7 219 2018-06-15 11:31:46 24 7505483 1119859
55 210 2018-06-15 11:31:46 5 5309906 1357154
250 195 2018-06-15 11:31:47 16 1091848 1460767
304 204 2018-06-15 11:31:47 25 1434782 744970
7 220 2018-06-15 11:31:48 30 3687500 620274
304 205 2018-06-15 11:31:48 12 9515072 930017
1049 469 2018-06-15 11:31:49 21 5850571 546494
55 211 2018-06-15 11:31:49 28 5144990 605164
7 221 2018-06-15 11:31:50 22 7391742 484594
55 212 2018-06-15 11:31:50 1 7009430 157128
304 206 2018-06-15 11:31:51 24 4455963 1166932
1049 470 2018-06-15 11:31:51 17 1944498 1384774
7 222 2018-06-15 11:31:52 28 6220908 272585
1049 471 2018-06-15 11:31:52 21 6781739 653325
304 207 2018-06-15 11:31:53 21 3274764 247211
304 208 2018-06-15 11:31:53 24 7177099 572161
250 196 2018-06-15 11:31:54 6 8830726 587411
1049 472 2018-06-15 11:31:54 5 7639524 248803
55 213 2018-06-15 11:31:55 25 2465616 367458
55 214 2018-06-15 11:31:55 28 3792445 950054
7 223 2018-06-15 11:31:56 3 7750248 658847
304 209 2018-06-15 11:31:56 25 7647340 672878
7 224 2018-06-15 11:31:57 6 3285173 1487647
250 197 2018-06-15 11:31:58 9 3025824 771873
304 210 2018-06-15 11:31:58 28 6297990 995198
1049 473 2018-06-15 11:31:59 15 2865086 901294
250 198 2018-06-15 11:31:59 2 7905896 353124
304 211 2018-06-15 11:32:00 5 4769356 1026045
1049 474 2018-06-15 11:32:00 18 6057197 691551
250 199 2018-06-15 11:32:01 17 5623049 94074
304 212 2018-06-15 11:32:02 29 3796476 845243
55 216 2018-06-15 11:32:02 17 3802598 1354760
250 200 2018-06-15 11:32:03 2 3391578 1474867
250 201 2018-06-15 11:32:03 6 6361936 262226
304 213 2018-06-15 11:32:04 13 4877754 971974
250 202 2018-06-15 11:32:04 14 4064444 241772
304 214 2018-06-15 11:32:05 19 4787995 728261
304 215 2018-06-15 11:32:05 20 3494750 617707
55 217 2018-06-15 11:32:06 24 1486937 600939
1049 476 2018-06-15 11:32:07 25 7373183 1467137
1049 477 2018-06-15 11:32:08 26 1873958 937077
1049 478 2018-06-15 11:32:08 25 4486298 401993
304 217 2018-06-15 11:32:09 10 3962918 924285
304 218 2018-06-15 11:32:09 25 6878746 1140012
250 203 2018-06-15 11:32:10 30 8710565 1286311
55 218 2018-06-15 11:32:10 8 6221747 831296
250 204 2018-06-15 11:32:11 2 5263840 896929
1049 479 2018-06-15 11:32:11 28 9733639 953101
55 219 2018-06-15 11:32:12 13 4767588 359468
250 205 2018-06-15 11:32:12 23 3110298 1251502
7 226 2018-06-15 11:32:13 2 3522265 141339
7 227 2018-06-15 11:32:13 4 1864787 236091
304 219 2018-06-15 11:32:14 16 7707731 889845
7 228 2018-06-15 11:32:14 23 8417560 9136
7 229 2018-06-15 11:32:15 27 2448993 360424
55 220 2018-06-15 11:32:15 16 5543855 1094660
250 206 2018-06-15 11:32:16 18 6378653 64032
1049 480 2018-06-15 11:32:16 7 2051144 294476
250 207 2018-06-15 11:32:17 17 2146797 550086
55 221 2018-06-15 11:32:17 8 5013891 27135
55 222 2018-06-15 11:32:18 2 4137606 9812
55 223 2018-06-15 11:32:18 9 1531233 971688
304 220 2018-06-15 11:32:19 28 7402780 473284
304 221 2018-06-15 11:32:19 10 5278707 752247
7 230 2018-06-15 11:32:20 10 1668466 137105
304 222 2018-06-15 11:32:20 28 8591131 107558
1049 481 2018-06-15 11:32:21 30 8217501 503862
7 231 2018-06-15 11:32:21 18 5362982 1179329
55 224 2018-06-15 11:32:22 19 2392451 599045
304 223 2018-06-15 11:32:22 26 5503776 1335173
250 208 2018-06-15 11:32:23 12 5953511 491928
7 232 2018-06-15 11:32:23 14 2556208 482322
1049 482 2018-06-15 11:32:24 29 3460223 811971
55 225 2018-06-15 11:32:24 17 5768125 55683
250 209 2018-06-15 11:32:25 17 1979800 944010
1049 483 2018-06-15 11:32:26 22 1039136 923615
7 233 2018-06-15 11:32:26 25 9751965 1151922
55 226 2018-06-15 11:32:27 20 3244456 383762
1049 484 2018-06-15 11:32:27 5 9600338 1445312
1049 485 2018-06-15 11:32:28 29 4976331 1002724
250 211 2018-06-15 11:32:28 18 5135980 1231462
7 234 2018-06-15 11:32:29 3 4510890 1390528
1049 486 2018-06-15 11:32:29 29 3966091 1041379
1049 487 2018-06-15 11:32:30 1 7233913 894542
55 227 2018-06-15 11:32:30 15 1989980 966275
7 235 2018-06-15 11:32:31 19 6090260 576931
250 212 2018-06-15 11:32:31 6 7321163 1404076
304 224 2018-06-15 11:32:32 21 9943925 949267
7 236 2018-06-15 11:32:32 25 3355937 117890
304 225 2018-06-15 11:32:33 18 3368355 523968
7 237 2018-06-15 11:32:33 17 1394856 224904
55 228 2018-06-15 11:32:34 14 2330969 977542
250 213 2018-06-15 11:32:34 9 4717442 188997
55 229 2018-06-15 11:32:35 5 6481301 231772
7 238 2018-06-15 11:32:35 14 2912862 884849
304 226 2018-06-15 11:32:36 5 9221979 491626
7 239 2018-06-15 11:32:36 27 4371145 931621
55 230 2018-06-15 11:32:37 15 3704083 852466
304 227 2018-06-15 11:32:37 28 9520826 42243
55 231 2018-06-15 11:32:38 17 9210722 1383850
250 214 2018-06-15 11:32:39 7 2001512 159177
7 240 2018-06-15 11:32:39 18 3905973 1317414
250 215 2018-06-15 11:32:40 29 1197071 1389239
7 241 2018-06-15 11:32:40 25 3733179 1449882
304 228 2018-06-15 11:32:41 23 2418206 1330756
250 216 2018-06-15 11:32:41 20 9225870 38583
304 229 2018-06-15 11:32:42 27 8568245 987989
304 230 2018-06-15 11:32:42 28 2740997 247755
55 233 2018-06-15 11:32:43 7 3829914 460481
55 234 2018-06-15 11:32:44 8 9953480 446975
304 232 2018-06-15 11:32:45 3 8613317 1372564
304 233 2018-06-15 11:32:45 13 8042545 595029
250 217 2018-06-15 11:32:46 23 4333704 225217
55 235 2018-06-15 11:32:46 13 7824732 803555
304 234 2018-06-15 11:32:47 10 6745560 168123
304 235 2018-06-15 11:32:47 24 4466894 994030
304 236 2018-06-15 11:32:48 8 7408276 1181697
55 236 2018-06-15 11:32:48 11 1025804 731990
304 237 2018-06-15 11:32:49 18 4762478 402506
1049 489 2018-06-15 11:32:50 7 9000735 319878
304 238 2018-06-15 11:32:51 26 9933816 584464
55 237 2018-06-15 11:32:51 25 2529930 237935
55 238 2018-06-15 11:32:52 23 8916242 753826
304 239 2018-06-15 11:32:52 14 6262156 924509
7 243 2018-06-15 11:32:53 12 2449862 986329
250 218 2018-06-15 11:32:53 27 7103949 915181
55 239 2018-06-15 11:32:54 22 7212450 529700
304 240 2018-06-15 11:32:54 26 3927076 426894
7 244 2018-06-15 11:32:55 10 9647225 1114144
55 240 2018-06-15 11:32:55 28 5196460 844826
7 245 2018-06-15 11:32:56 27 6452403 1383476
304 241 2018-06-15 11:32:56 29 8906061 1135432
250 219 2018-06-15 11:32:57 10 6240038 106397
55 241 2018-06-15 11:32:57 22 5652702 596049
1049 490 2018-06-15 11:32:58 28 1732547 1419708
304 242 2018-06-15 11:32:58 15 3973199 1395412
1049 491 2018-06-15 11:32:59 27 5027542 520474
7 246 2018-06-15 11:32:59 12 9884206 592861
1049 492 2018-06-15 11:33:00 22 8680678 406235
7 247 2018-06-15 11:33:00 15 3052797 1244846
7 248 2018-06-15 11:33:01 15 6925252 33349
7 249 2018-06-15 11:33:01 4 7166926 1470931
7 250 2018-06-15 11:33:02 30 1471752 61943
304 243 2018-06-15 11:33:02 13 9731234 1429252
7 251 2018-06-15 11:33:03 8 1939594 1343622
55 242 2018-06-15 11:33:03 24 1686787 435096
250 220 2018-06-15 11:33:04 22 9933184 89551
55 243 2018-06-15 11:33:04 20 5317597 1202451
1049 493 2018-06-15 11:33:05 28 7345674 706043
1049 494 2018-06-15 11:33:05 2 9901800 1355184
55 246 2018-06-15 11:34:21 2 4387858 1452930
7 254 2018-06-15 11:34:22 23 1067602 114803
304 247 2018-06-15 11:34:23 28 3489249 1302423
1049 497 2018-06-15 11:34:23 13 5301187 575787
55 247 2018-06-15 11:34:24 6 5440716 44388
304 248 2018-06-15 11:34:24 21 6270751 1292524
55 248 2018-06-15 11:34:25 26 7928925 66929
55 249 2018-06-15 11:34:25 13 6720412 368859
1049 498 2018-06-15 11:34:26 10 6839174 1493314
304 249 2018-06-15 11:34:26 23 7546768 176484
304 250 2018-06-15 11:34:27 25 6160798 519247
55 250 2018-06-15 11:34:27 9 6448878 856821
1049 499 2018-06-15 11:34:28 20 2766618 532689
304 251 2018-06-15 11:34:28 2 5341199 776938
7 255 2018-06-15 11:34:29 26 6445119 597299
55 251 2018-06-15 11:34:29 2 3901086 1094531
304 252 2018-06-15 11:34:30 7 1845622 346128
7 256 2018-06-15 11:34:30 28 4305148 1347880
55 253 2018-06-15 11:34:31 7 6445664 1451946
1049 500 2018-06-15 11:34:32 2 5215216 138644
55 254 2018-06-15 11:34:32 17 8733898 1397719
250 223 2018-06-15 11:34:33 26 9578976 897078
304 253 2018-06-15 11:34:33 6 7480669 228764
55 255 2018-06-15 11:34:34 23 7610070 977972
250 224 2018-06-15 11:34:35 23 1037150 517667
55 256 2018-06-15 11:34:35 24 4755871 789204
304 254 2018-06-15 11:34:36 5 8507576 1481413
1049 501 2018-06-15 11:34:36 10 4721505 702120
55 257 2018-06-15 11:34:37 28 8630955 415551
304 255 2018-06-15 11:34:37 17 1594243 1472936
250 225 2018-06-15 11:34:38 19 3356970 989615
250 226 2018-06-15 11:34:38 1 4225189 1069973
250 227 2018-06-15 11:34:39 7 4100026 385418
7 258 2018-06-15 11:34:39 10 6570321 325024
55 258 2018-06-15 11:34:40 6 8439356 805905
304 256 2018-06-15 11:34:40 29 4277060 545693
7 259 2018-06-15 11:34:41 22 2578626 370362
1049 502 2018-06-15 11:34:41 5 7076446 1119150
1049 503 2018-06-15 11:34:42 15 8448488 287759
1049 504 2018-06-15 11:34:42 26 5515853 1274448
250 228 2018-06-15 11:34:43 10 2631488 345257
7 260 2018-06-15 11:34:43 26 2613638 673886
304 257 2018-06-15 11:34:44 8 5069978 325065
304 258 2018-06-15 11:34:44 8 8183990 384200
304 259 2018-06-15 11:34:45 25 1585210 779249
250 229 2018-06-15 11:34:46 8 6992206 179531
1049 515 2018-06-22 13:58:45 26 9213351 972098
304 263 2018-06-22 14:01:53 5 1405661 1133178
55 266 2018-06-22 14:01:53 2 2748080 565624
7 268 2018-06-22 14:01:54 27 8565273 4132
304 265 2018-06-22 14:01:55 23 8686974 1013350
304 266 2018-06-22 14:01:55 21 7898148 600925
7 269 2018-06-22 14:01:56 18 2251303 1331263
250 238 2018-06-22 14:01:56 8 4764772 968280
7 270 2018-06-22 14:01:57 15 8059385 998160
304 267 2018-06-22 14:01:57 20 1402272 1337896
1049 518 2018-06-22 14:01:58 19 6842261 393597
1049 519 2018-06-22 14:01:58 27 7508470 1006396
7 271 2018-06-22 14:01:59 17 3720009 179930
250 239 2018-06-22 14:01:59 21 4244601 356276
304 268 2018-06-22 14:02:00 9 9626027 791498
304 269 2018-06-22 14:02:00 17 1956000 504407
1049 520 2018-06-22 14:02:01 20 9063000 1344416
1049 521 2018-06-22 14:02:01 15 1422348 79165
304 270 2018-06-22 14:02:02 17 4989834 153848
7 272 2018-06-22 14:02:02 18 2658333 1407607
7 273 2018-06-22 14:02:03 16 7283787 1272748
1049 524 2018-06-22 14:03:50 26 2673241 1425950
250 242 2018-06-22 14:03:50 16 7868614 237019
304 273 2018-06-22 14:03:51 29 2051472 22663
55 269 2018-06-22 14:03:51 9 1622125 1324553
55 270 2018-06-22 14:03:52 27 7820161 124739
7 276 2018-06-22 14:03:52 24 7795446 1029353
55 271 2018-06-22 14:03:53 9 6020568 17000
250 243 2018-06-22 14:03:53 3 7794662 1241343
250 244 2018-06-22 14:03:54 4 1674024 306727
304 274 2018-06-22 14:03:54 28 7663036 1096488
250 245 2018-06-22 14:03:55 5 2059207 890167
304 275 2018-06-22 14:03:55 22 2626139 1433680
304 276 2018-06-22 14:03:56 3 4107855 947118
7 277 2018-06-22 14:03:56 29 1405348 1381083
55 272 2018-06-22 14:03:57 10 7849264 544085
250 246 2018-06-22 14:03:57 25 5808824 245391
250 247 2018-06-22 14:03:58 16 4833496 689829
304 277 2018-06-22 14:03:58 6 4507711 646203
250 248 2018-06-22 14:03:59 24 3379419 1498371
55 273 2018-06-22 14:03:59 2 8398020 1261175
55 274 2018-06-22 14:04:00 25 6122199 680346
1049 525 2018-06-22 14:04:00 3 8704793 902845
250 249 2018-06-22 14:04:01 20 8954696 369551
7 278 2018-06-22 14:04:01 25 1781663 1202028
304 278 2018-06-22 14:04:02 19 1885960 1139571
7 280 2018-06-22 14:04:03 21 6778244 1054783
1049 526 2018-06-22 14:04:03 10 2765039 1137780
304 279 2018-06-22 14:04:04 14 7898256 1416381
1049 527 2018-06-22 14:04:04 29 8039936 727403
250 250 2018-06-22 14:04:05 12 7168836 398121
55 276 2018-06-22 14:04:06 29 3903041 1497391
250 251 2018-06-22 14:04:06 20 4898939 1483966
7 281 2018-06-22 14:04:07 6 4518876 1213206
1049 528 2018-06-22 14:04:07 26 6263302 1448885
1049 529 2018-06-22 14:04:08 9 6434612 231175
7 282 2018-06-22 14:04:08 28 9324271 150019
1049 530 2018-06-22 14:04:09 27 7743999 1290520
55 277 2018-06-22 14:04:10 4 4525949 1374031
7 283 2018-06-22 14:04:10 9 7709296 738382
250 252 2018-06-22 14:04:11 9 2791854 223098
250 253 2018-06-22 14:04:11 11 4437205 758477
55 278 2018-06-22 14:04:12 20 6036649 724982
55 279 2018-06-22 14:04:12 18 7441529 293737
250 254 2018-06-22 14:04:13 21 4510039 840337
55 280 2018-06-22 14:04:14 1 9951137 514335
55 281 2018-06-22 14:04:15 2 8049706 767103
304 281 2018-06-22 14:04:15 19 1055332 1155578
1049 532 2018-06-22 14:04:16 23 8281583 1249345
7 284 2018-06-22 14:04:16 18 9098179 975759
55 282 2018-06-22 14:04:17 6 6422510 1375690
7 286 2018-06-22 14:08:43 3 4929513 169135
250 257 2018-06-22 14:08:43 29 7121995 24608
250 258 2018-06-22 14:08:44 1 4385106 82865
1049 534 2018-06-22 14:08:44 26 2008773 11938
55 284 2018-06-22 14:08:45 16 4940589 1029521
55 285 2018-06-22 14:08:45 2 5614875 764729
1049 535 2018-06-22 14:08:46 28 5614211 188981
304 283 2018-06-22 14:08:46 4 1141585 446746
250 259 2018-06-22 14:08:47 11 2873808 254086
304 284 2018-06-22 14:08:47 8 7873905 1142909
304 285 2018-06-22 14:08:48 26 4905966 43469
304 286 2018-06-22 14:08:48 12 7277255 62948
304 287 2018-06-22 14:08:49 26 1303413 501443
304 288 2018-06-22 14:08:49 17 8742898 1065397
1049 536 2018-06-22 14:08:50 19 9781939 897552
7 287 2018-06-22 14:08:50 6 6758443 1290504
304 289 2018-06-22 14:08:51 1 3779984 185332
7 288 2018-06-22 14:08:51 7 7335606 1294291
1049 537 2018-06-22 14:08:52 2 1042769 814402
1049 538 2018-06-22 14:08:52 4 1323011 331343
1049 539 2018-06-22 14:08:53 22 4279951 1178322
7 289 2018-06-22 14:08:53 19 2062328 1115297
7 290 2018-06-22 14:08:54 1 1586975 1123064
304 290 2018-06-22 14:08:54 12 7716408 1050906
250 260 2018-06-22 14:08:55 19 6615971 5782
1049 540 2018-06-22 14:08:55 14 5959551 681951
55 286 2018-06-22 14:08:56 17 4299521 1462118
1049 541 2018-06-22 14:08:56 11 8986157 426081
55 287 2018-06-22 14:08:57 17 8417894 1337052
250 261 2018-06-22 14:08:57 17 2781262 1155876
304 291 2018-06-22 14:08:58 23 3997612 318489
250 262 2018-06-22 14:08:58 24 7366173 263695
250 263 2018-06-22 14:08:59 25 2448375 1271791
250 264 2018-06-22 14:08:59 23 3000027 512719
1049 542 2018-06-22 14:09:00 1 1584478 46415
7 291 2018-06-22 14:09:00 9 1509923 1165244
304 292 2018-06-22 14:09:01 27 5698668 1391979
1049 543 2018-06-22 14:09:02 24 4568733 763323
250 265 2018-06-22 14:09:03 5 8240774 1117882
55 289 2018-06-22 14:09:03 2 8239974 125362
7 293 2018-06-22 14:09:04 26 5611787 245203
55 290 2018-06-22 14:09:04 5 4495031 547163
304 293 2018-06-22 14:09:05 15 9222670 1465454
55 291 2018-06-22 14:09:05 14 3861886 1049040
1049 544 2018-06-22 14:09:06 12 6874358 717374
1049 545 2018-06-22 14:09:07 1 8644087 830575
1049 546 2018-06-22 14:09:07 7 7530256 722728
250 266 2018-06-22 14:09:08 13 3801621 65038
304 294 2018-06-22 14:09:08 14 1938030 1362636
1049 547 2018-06-22 14:09:09 19 1570541 1462203
7 294 2018-06-22 14:09:10 13 8436564 494740
7 295 2018-06-22 14:09:10 16 2698721 1174617
250 267 2018-06-22 14:09:11 27 6828751 352834
1049 549 2018-06-22 14:09:12 10 7758307 523037
1049 550 2018-06-22 14:09:12 28 7767645 922194
304 296 2018-06-22 14:09:13 29 1693907 1480625
304 297 2018-06-22 14:09:13 26 8143371 901497
7 296 2018-06-22 14:09:14 7 6171700 317855
250 268 2018-06-22 14:09:14 25 6960285 230683
1049 551 2018-06-22 14:09:15 2 6582496 255105
7 297 2018-06-22 14:09:15 6 1414223 1250215
250 269 2018-06-22 14:09:16 10 6307048 256323
250 270 2018-06-22 14:09:16 13 8202019 782779
1049 552 2018-06-22 14:09:17 22 7891132 1008212
7 298 2018-06-22 14:09:17 1 5106798 42586
250 271 2018-06-22 14:09:18 27 3573112 1021103
304 298 2018-06-22 14:09:18 22 8766806 313134
7 299 2018-06-22 14:09:19 23 6890082 1067518
250 272 2018-06-22 14:09:19 15 8672936 1085209
7 300 2018-06-22 14:09:20 15 9494124 1027920
304 299 2018-06-22 14:09:20 12 9809717 419166
304 300 2018-06-22 14:09:21 9 3784045 558857
7 301 2018-06-22 14:09:21 10 8719709 1427901
7 302 2018-06-22 14:09:22 11 3872314 703474
250 273 2018-06-22 14:09:22 3 8935259 1456330
55 292 2018-06-22 14:09:23 11 4646868 677068
7 303 2018-06-22 14:09:23 1 7164926 1427183
250 274 2018-06-22 14:09:24 16 9896750 992454
1049 553 2018-06-22 14:09:24 14 9665596 500739
55 293 2018-06-22 14:09:25 30 1760721 720180
55 294 2018-06-22 14:09:25 14 2315883 700219
1049 560 2018-06-22 14:32:54 16 1938558 801635
1049 561 2018-06-22 14:32:54 20 2824036 1449915
7 306 2018-06-22 14:32:55 23 8828063 461680
250 278 2018-06-22 14:32:56 20 3678210 544908
304 303 2018-06-22 14:32:56 25 7741039 405253
7 307 2018-06-22 14:32:57 8 3860065 1263823
55 297 2018-06-22 14:32:57 14 6226243 1456893
1049 562 2018-06-22 14:32:58 3 1108368 167898
250 279 2018-06-22 14:32:59 3 2566476 1284082
55 298 2018-06-22 14:32:59 28 2825246 965888
304 304 2018-06-22 14:33:00 24 5541478 1036886
7 309 2018-06-22 14:33:00 28 5932440 682190
304 305 2018-06-22 14:33:01 24 7825665 1044778
55 299 2018-06-22 14:33:01 3 3037728 1425732
55 300 2018-06-22 14:33:02 7 1735490 949279
1049 563 2018-06-22 14:33:02 30 1479728 1151495
304 306 2018-06-22 14:33:03 21 6635032 1494057
7 310 2018-06-22 14:33:03 16 7821100 1274045
250 280 2018-06-22 14:33:04 29 2567404 423822
7 311 2018-06-22 14:33:04 27 3737588 1262589
7 312 2018-06-22 14:33:05 30 5773523 476433
7 313 2018-06-22 14:33:05 6 4450741 28001
250 281 2018-06-22 14:33:06 27 3250948 442284
7 314 2018-06-22 14:33:06 30 7575447 163630
7 315 2018-06-22 14:33:07 19 1052472 241630
1049 564 2018-06-22 14:33:07 22 9769225 256630
7 316 2018-06-22 14:33:08 12 2140314 1228579
1049 565 2018-06-22 14:33:08 21 2024162 1319113
304 307 2018-06-22 14:33:09 28 6888976 66270
55 301 2018-06-22 14:33:09 22 7065999 497847
304 308 2018-06-22 14:33:10 2 2791959 1090662
1049 566 2018-06-22 14:33:10 6 7082474 474074
250 282 2018-06-22 14:33:11 19 1918496 247399
250 283 2018-06-22 14:33:11 3 9697409 270637
250 284 2018-06-22 14:33:12 13 1368145 597669
250 285 2018-06-22 14:33:12 4 3691835 1368902
250 286 2018-06-22 14:33:13 16 5201726 483547
7 317 2018-06-22 14:33:13 19 1005158 145829
250 287 2018-06-22 14:33:14 30 6538326 392141
1049 567 2018-06-22 14:33:14 18 5256083 403388
55 302 2018-06-22 14:33:15 7 7906320 1179571
250 288 2018-06-22 14:33:15 26 5099738 1498938
250 289 2018-06-22 14:33:16 5 1293835 1296047
1049 568 2018-06-22 14:33:17 13 8972742 608136
55 304 2018-06-22 14:33:17 23 2855506 65237
55 305 2018-06-22 14:33:18 2 2134652 691486
1049 569 2018-06-22 14:33:18 2 7893416 36203
55 306 2018-06-22 14:33:19 24 8745143 1348598
1049 570 2018-06-22 14:33:19 7 4877527 480876
304 309 2018-06-22 14:33:20 5 8891303 708806
55 307 2018-06-22 14:33:21 6 7395882 942539
1049 572 2018-06-22 14:33:21 19 6777639 710111
304 310 2018-06-22 14:33:22 17 2873774 574436
250 290 2018-06-22 14:33:23 21 3938487 70554
55 308 2018-06-22 14:33:23 26 6678450 1119779
1049 573 2018-06-22 14:33:24 18 2361957 302162
7 318 2018-06-22 14:33:24 4 5580622 1243303
1049 574 2018-06-22 14:33:25 20 2641025 763769
1049 575 2018-06-22 14:33:25 7 4520572 321275
1049 576 2018-06-22 14:33:26 5 8377119 106090
55 309 2018-06-22 14:33:26 16 9092654 201412
1049 577 2018-06-22 14:33:27 8 7561668 102639
250 291 2018-06-22 14:33:27 28 8630046 1008813
7 319 2018-06-22 14:33:28 27 8255074 1402232
7 320 2018-06-22 14:33:28 3 3486028 1109237
7 321 2018-06-22 14:33:29 10 7258015 648742
304 312 2018-06-22 14:33:29 22 2896811 422991
1049 578 2018-06-22 14:33:30 26 6766215 535635
304 313 2018-06-22 14:33:30 26 5938081 694818
304 314 2018-06-22 14:33:31 19 8238316 351655
1049 579 2018-06-22 14:33:31 9 4933643 211904
1049 580 2018-06-22 14:33:32 9 6501064 23947
250 292 2018-06-22 14:33:32 28 5987985 1390515
55 310 2018-06-22 14:33:33 10 6360120 524912
7 322 2018-06-22 14:33:34 27 6426809 703509
250 294 2018-06-22 14:33:34 6 1136658 1152632
1049 581 2018-06-22 14:33:35 29 5426072 252381
55 311 2018-06-22 14:33:36 24 1159268 1218234
250 295 2018-06-22 14:33:36 15 8821458 1448082
250 296 2018-06-22 14:33:37 2 4673799 241043
304 315 2018-06-22 14:33:37 4 9006780 407670
55 312 2018-06-22 14:33:38 13 9038168 13483
304 316 2018-06-22 14:33:38 28 7850802 90762
55 313 2018-06-22 14:33:39 27 3068209 248778
304 317 2018-06-22 14:33:39 14 8849320 1306625
304 318 2018-06-22 14:33:40 27 4714950 1000399
250 297 2018-06-22 14:33:40 27 2318054 625354
250 298 2018-06-22 14:33:41 14 2764111 709854
304 319 2018-06-22 14:33:41 27 7389879 1193336
250 299 2018-06-22 14:33:42 18 3267139 1228591
250 300 2018-06-22 14:33:42 3 3658705 57833
1049 582 2018-06-22 14:33:43 1 9661023 532903
55 314 2018-06-22 14:33:44 14 9069986 913007
250 301 2018-06-22 14:33:44 12 1297674 1253879
250 302 2018-06-22 14:33:45 8 6786866 899413
1049 583 2018-06-22 14:33:45 8 4708540 821807
7 324 2018-06-22 14:33:46 2 5691567 779735
55 315 2018-06-22 14:33:46 2 8354026 549720
55 316 2018-06-22 14:33:47 16 7209973 177657
1049 584 2018-06-22 14:33:47 28 4032881 1354667
7 325 2018-06-22 14:33:48 9 3794575 962423
304 320 2018-06-22 14:33:48 15 4747782 46704
1049 585 2018-06-22 14:33:49 21 2386655 633684
250 303 2018-06-22 14:33:49 17 7912523 795399
250 304 2018-06-22 14:33:50 18 7788933 442179
7 326 2018-06-22 14:33:50 14 7214193 919456
7 327 2018-06-22 14:33:51 26 1762214 956556
1049 586 2018-06-22 14:33:51 2 7905250 1146708
55 317 2018-06-22 14:33:52 9 6411522 50044
7 328 2018-06-22 14:33:52 5 4320824 1294308
7 329 2018-06-22 14:33:53 3 6165752 729244
1049 587 2018-06-22 14:33:53 30 2924817 963041
1049 588 2018-06-22 14:33:54 27 5116749 643470
250 305 2018-06-22 14:33:54 11 4714830 396279
304 321 2018-06-22 14:33:55 4 6757083 232937
250 306 2018-06-22 14:33:55 17 6066128 1144480
1049 589 2018-06-22 14:33:56 17 9340329 1242709
304 322 2018-06-22 14:33:56 27 1913633 984179
55 318 2018-06-22 14:33:57 7 3245866 1111277
55 319 2018-06-22 14:33:57 9 8115946 484812
7 330 2018-06-22 14:33:58 14 7423856 501037
55 320 2018-06-22 14:33:58 13 3053840 262317
7 331 2018-06-22 14:33:59 20 4604696 732027
7 332 2018-06-22 14:33:59 10 9621969 1365010
250 308 2018-06-22 14:34:00 8 4746223 202419
55 321 2018-06-22 14:34:01 30 4054377 767987
250 309 2018-06-22 14:34:02 24 2681307 623188
304 323 2018-06-22 14:34:02 22 3734056 133938
304 324 2018-06-22 14:34:03 14 4226188 483439
250 310 2018-06-22 14:34:03 22 5561888 1347156
7 333 2018-06-22 14:34:04 24 6534554 108465
55 323 2018-06-22 14:34:04 13 4204119 621752
7 334 2018-06-22 14:34:05 22 6137356 978283
55 324 2018-06-22 14:34:06 27 9452605 908932
55 325 2018-06-22 14:34:06 4 9406641 1012832
55 326 2018-06-22 14:34:07 21 6039486 248621
250 311 2018-06-22 14:34:07 10 7493320 387054
250 312 2018-06-22 14:34:08 5 7216311 787109
1049 591 2018-06-22 14:34:08 9 3025217 156364
1049 594 2018-06-22 15:11:39 1 1606235 453913
1049 595 2018-06-22 15:11:39 3 6023460 1006268
304 327 2018-06-22 15:11:40 8 8791062 1472832
55 329 2018-06-22 15:11:40 4 5194919 268262
1049 596 2018-06-22 15:11:41 7 5669858 428565
55 330 2018-06-22 15:11:41 23 4782625 981225
55 331 2018-06-22 15:11:42 30 9474763 870905
7 337 2018-06-22 15:11:42 24 2892508 628648
7 338 2018-06-22 15:11:43 18 6465694 467629
1049 597 2018-06-22 15:11:43 29 4053004 318590
250 315 2018-06-22 15:11:44 2 8302633 873068
55 332 2018-06-22 15:11:45 17 1164740 995734
250 316 2018-06-22 15:11:45 2 3947993 687064
304 328 2018-06-22 15:11:46 17 9242821 1497435
7 340 2018-06-22 15:11:46 19 7480431 637660
7 341 2018-06-22 15:11:47 27 2562827 239457
1049 598 2018-06-22 15:11:47 25 5710836 461597
55 333 2018-06-22 15:11:48 11 6002645 437957
250 317 2018-06-22 15:11:48 30 3390720 1202073
1049 599 2018-06-22 15:11:49 2 9740141 1490005
1049 600 2018-06-22 15:11:49 18 5207963 329370
1049 601 2018-06-22 15:11:50 8 3672186 1383006
55 334 2018-06-22 15:11:50 11 8003774 718837
55 335 2018-06-22 15:11:51 7 4191128 134250
55 336 2018-06-22 15:11:51 7 2178595 238248
7 342 2018-06-22 15:11:52 8 8413998 872809
55 337 2018-06-22 15:11:53 5 7071113 1356850
1049 602 2018-06-22 15:11:53 6 2214206 505801
55 338 2018-06-22 15:11:54 16 6824351 1370976
250 318 2018-06-22 15:11:55 14 7762228 1115587
1049 603 2018-06-22 15:11:55 13 4926654 36625
55 340 2018-06-22 15:11:56 28 2868830 1053736
7 343 2018-06-22 15:11:56 7 4989136 916210
55 341 2018-06-22 15:11:57 18 9067654 1085044
250 319 2018-06-22 15:11:57 23 6081186 1303444
55 342 2018-06-22 15:11:58 11 9879227 748313
55 343 2018-06-22 15:11:58 25 8218989 659600
304 330 2018-06-22 15:11:59 14 8396700 206562
55 344 2018-06-22 15:11:59 20 5771984 211697
1049 604 2018-06-22 15:12:00 13 5718710 1048271
250 320 2018-06-22 15:12:00 2 8029234 1324429
1049 605 2018-06-22 15:12:01 5 1930965 1389485
250 321 2018-06-22 15:12:02 4 8231625 893435
55 345 2018-06-22 15:12:03 5 5541562 354711
7 344 2018-06-22 15:12:03 23 3589292 855461
55 346 2018-06-22 15:12:04 27 4414338 959942
304 331 2018-06-22 15:12:04 22 7342170 581813
250 323 2018-06-22 15:12:05 20 1793875 868461
7 345 2018-06-22 15:12:05 19 1385726 1071169
250 324 2018-06-22 15:12:06 12 1471725 175235
55 347 2018-06-22 15:12:06 16 6814218 80484
250 325 2018-06-22 15:12:07 1 7491562 1153259
7 346 2018-06-22 15:12:07 18 9529817 142321
250 326 2018-06-22 15:12:08 2 6423686 532589
250 327 2018-06-22 15:12:08 17 6031924 435988
304 332 2018-06-22 15:12:09 23 4944507 1037102
55 348 2018-06-22 15:12:09 18 3824776 1302861
250 328 2018-06-22 15:12:10 11 1203932 1255798
250 329 2018-06-22 15:12:10 3 2926844 583382
1049 606 2018-06-22 15:12:11 17 6062614 1033506
250 330 2018-06-22 15:12:11 3 4517769 385135
55 349 2018-06-22 15:12:12 17 7705129 1218937
7 347 2018-06-22 15:12:12 17 7080979 1350391
55 350 2018-06-22 15:12:13 28 6113760 1053845
250 331 2018-06-22 15:12:14 7 5552731 1137524
304 333 2018-06-22 15:12:14 6 2788605 1261454
250 332 2018-06-22 15:12:15 5 6221956 1004365
55 351 2018-06-22 15:12:15 9 8234085 155711
304 334 2018-06-22 15:12:16 2 5620023 740257
1049 608 2018-06-22 15:12:16 21 2004821 590321
304 335 2018-06-22 15:12:17 6 5373920 84849
1049 609 2018-06-22 15:12:17 27 8453767 847982
55 352 2018-06-22 15:12:18 6 9950234 1388814
1049 610 2018-06-22 15:12:18 13 2253494 919209
250 333 2018-06-22 15:12:19 22 1906853 319444
304 336 2018-06-22 15:12:19 18 2445688 254099
1049 611 2018-06-22 15:12:20 3 6883784 1436445
250 334 2018-06-22 15:12:21 20 1688530 552584
1049 1334 2018-06-26 15:19:39 7 45 45
1049 1346 2018-06-26 15:26:02 7 89049864438 500
1049 1349 2018-06-26 15:54:54 22 50 50
1049 1352 2018-06-26 15:55:49 19 50 50
1049 1359 2018-06-26 16:02:07 19 25 25
1049 1362 2018-06-26 16:04:44 19 25 25
1049 1365 2018-06-26 16:05:13 19 25 25
1049 1368 2018-06-26 16:05:30 4 25 25
1049 1369 2018-06-26 16:05:49 7 89049864438 500
1049 1370 2018-06-26 16:06:08 1 33 450
1049 1371 2018-06-26 16:06:25 21 1002 300
1049 1372 2018-06-26 16:06:51 4 800 450
1049 1373 2018-06-26 16:07:09 22 500 500
1049 1376 2018-06-26 16:12:04 19 123 100
1049 1377 2018-06-26 16:12:15 19 123 100
1049 1378 2018-06-26 16:12:23 19 123 100
1049 1381 2018-06-26 16:18:17 19 25 25
1049 1384 2018-06-26 16:20:58 19 25 25
1049 1387 2018-06-26 16:22:09 22 50 50
1049 1388 2018-06-26 16:22:45 19 25 25
1049 1391 2018-06-26 16:33:51 19 10 10
1049 1393 2018-06-26 16:34:47 19 10 10
1049 1394 2018-06-26 16:35:29 19 101 10
1049 1397 2018-06-26 16:40:11 19 10 10
1049 1400 2018-06-26 16:45:07 19 10 10
1049 1403 2018-06-26 16:45:56 19 10 10
1049 1404 2018-06-26 16:46:07 22 10 10
1049 1417 2018-06-27 08:39:51 19 10 10
1049 1422 2018-06-27 08:43:00 4 101 10
1049 1425 2018-06-27 08:50:35 19 10 10
1049 1428 2018-06-27 08:50:53 19 10 10
1049 1431 2018-06-27 08:51:07 22 10 10
1049 1434 2018-06-27 08:51:44 7 10 10
1049 1435 2018-06-27 08:51:49 22 10 10
1049 1438 2018-06-27 09:18:32 22 10 10
1049 1441 2018-06-27 09:18:56 19 10 10
1049 1444 2018-06-27 09:19:38 19 10 10
1049 1447 2018-06-27 09:20:37 19 10 10
1049 1452 2018-06-27 09:21:08 19 10 10
1049 1455 2018-06-27 09:22:12 19 10 10
1049 1460 2018-06-27 10:39:35 19 55 55
1049 1461 2018-06-27 10:39:48 22 55 55
1049 1463 2018-06-27 10:40:16 19 55 55
1049 1466 2018-06-27 10:41:24 19 555 10
1049 1469 2018-06-27 10:41:47 22 555 10
1049 1470 2018-06-27 10:42:20 16 89049864438 100
1049 1473 2018-06-27 10:43:48 22 1000 100
1049 1464 2018-06-27 10:44:34 19 555 555
1049 1467 2018-06-27 10:45:11 19 1024 1000
1049 1470 2018-06-27 10:46:30 19 100 100
1049 1471 2018-06-27 10:46:38 22 500 500
1049 1474 2018-06-27 10:47:49 19 100 100
1049 1475 2018-06-27 10:47:57 22 200 200
1049 1478 2018-06-27 10:49:04 19 100 100
1049 1479 2018-06-27 10:49:14 19 200 200
1049 1480 2018-06-27 10:49:27 19 30 300
1049 1481 2018-06-27 10:49:33 22 400 400
1049 1484 2018-06-27 10:50:13 19 100 100
1049 1485 2018-06-27 10:50:18 22 200 200
1049 1488 2018-06-27 10:51:29 19 200 200
1049 1489 2018-06-27 10:51:39 22 300 300
1049 1490 2018-06-27 10:51:48 19 500 500
1049 1491 2018-06-27 10:51:56 7 300 300
1049 1494 2018-06-27 10:52:43 19 100 100
1049 1495 2018-06-27 10:52:54 22 200 200
1049 1498 2018-06-27 10:53:17 19 100 100
1049 1499 2018-06-27 10:53:29 19 300 300
1049 1500 2018-06-27 10:53:35 22 400 400
1049 1503 2018-06-27 10:54:42 19 100 100
1049 1504 2018-06-27 10:54:49 19 200 200
1049 1507 2018-06-27 10:55:11 4 300 300
1049 1508 2018-06-27 10:55:25 15 400 400
1049 1509 2018-06-27 10:55:41 16 300 300
1049 1512 2018-06-27 10:57:16 16 100 100
1049 1534 2018-06-27 11:10:45 4 100 100
1049 1535 2018-06-27 11:11:10 13 200 200
1049 1757 2018-06-27 15:54:31 16 5564646 1000
1049 1763 2018-06-27 16:02:33 16 100 100
1049 1780 2018-06-27 16:11:19 16 85857578 10000
1049 1782 2018-06-27 16:12:20 27 456798 4555555555
1049 1793 2018-06-27 16:17:19 19 787887 8778
1049 1795 2018-06-27 16:18:11 19 775741 15000
1049 1796 2018-06-27 16:18:30 4 897789 2000
1049 1815 2018-06-28 14:37:06 5 9491910 477507
1049 1816 2018-06-28 14:37:07 13 7951183 390987
7 350 2018-06-28 14:37:08 23 3027977 929881
55 356 2018-06-28 14:37:08 12 5236220 1233243
55 357 2018-06-28 14:37:09 10 2189085 982969
55 358 2018-06-28 14:37:09 9 8391310 1278101
55 359 2018-06-28 14:37:10 22 2004053 726072
7 351 2018-06-28 14:37:10 23 4099306 1367308
250 337 2018-06-28 14:37:11 24 7684056 1119491
7 352 2018-06-28 14:37:11 16 5198533 958579
1049 1817 2018-06-28 14:37:12 22 9693987 138966
1049 1818 2018-06-28 14:37:12 26 9026178 1207034
55 360 2018-06-28 14:37:13 3 7712630 1126637
7 353 2018-06-28 14:37:13 28 4029423 829094
1049 1819 2018-06-28 14:37:14 8 2758776 1252032
55 361 2018-06-28 14:37:14 18 2340640 681492
304 339 2018-06-28 14:37:15 30 2381417 788545
304 340 2018-06-28 14:37:15 29 9270200 321531
1049 1822 2018-06-28 14:39:30 14 3835457 112056
55 364 2018-06-28 14:39:30 18 8245243 1372879
1049 1823 2018-06-28 14:39:31 15 8248717 791769
1049 1824 2018-06-28 14:39:31 19 3606620 1287597
250 340 2018-06-28 14:39:32 2 8212876 527957
304 343 2018-06-28 14:39:32 7 5718856 1091700
1049 1825 2018-06-28 14:39:33 17 4407601 1047023
304 344 2018-06-28 14:39:33 21 7959779 23368
1049 1826 2018-06-28 14:39:34 19 1380366 632319
1049 1827 2018-06-28 14:39:34 24 1063088 57563
304 345 2018-06-28 14:39:35 25 2920794 1445562
304 346 2018-06-28 14:39:36 21 5731391 1180654
250 342 2018-06-28 14:39:36 16 1404628 198007
250 343 2018-06-28 14:39:37 27 9577900 1213254
304 347 2018-06-28 14:39:38 8 4963273 1261918
250 344 2018-06-28 14:39:39 14 2309674 1278179
1049 1828 2018-06-28 14:39:39 25 4389129 25225
250 345 2018-06-28 14:39:40 5 8260886 301848
250 348 2018-06-28 16:26:07 4 2406637 120767
1049 1831 2018-06-28 16:26:07 9 4944362 581597
7 359 2018-06-28 16:26:08 16 2391139 576890
7 360 2018-06-28 16:26:08 28 6471058 1083170
250 349 2018-06-28 16:26:09 15 3857471 1221081
304 351 2018-06-28 16:26:09 5 8868752 1179860
250 352 2018-06-28 16:28:45 1 1142080 582046
304 354 2018-06-28 16:28:45 15 3093605 1141354
55 369 2018-06-28 16:28:46 18 3497976 319192
304 355 2018-06-28 16:28:46 3 9729090 1110272
7 363 2018-06-28 16:28:47 19 6151771 946137
1049 1834 2018-06-28 16:28:47 13 9924056 953032
7 364 2018-06-28 16:28:48 16 9261897 1165785
7 365 2018-06-28 16:28:48 24 1286009 1272782
250 353 2018-06-28 16:28:49 18 7112551 726743
1049 1835 2018-06-28 16:28:49 7 3349280 648465
55 370 2018-06-28 16:28:50 28 3792785 1203438
304 356 2018-06-28 16:28:50 21 1991035 1202445
1049 1838 2018-06-28 16:30:38 1 4823509 693086
7 369 2018-06-28 16:30:39 13 2780671 1080495
304 359 2018-06-28 16:30:39 8 1255887 563838
250 356 2018-06-28 16:30:40 5 1188283 1446282
55 373 2018-06-28 16:30:40 11 2016319 376817
7 370 2018-06-28 16:30:41 29 4360868 1083985
250 357 2018-06-28 16:30:42 1 8483640 1302817
304 360 2018-06-28 16:30:42 14 1998569 1242924
55 376 2018-06-28 16:35:41 12 1574082 713769
304 363 2018-06-28 16:35:42 29 9876091 159729
250 360 2018-06-28 16:35:42 14 7067593 1320246
55 378 2018-06-28 16:35:43 6 7502236 981896
55 379 2018-06-28 16:35:44 15 7102533 1278239
250 361 2018-06-28 16:35:44 20 8494637 231471
250 362 2018-06-28 16:35:45 24 8621598 781025
7 373 2018-06-28 16:35:45 15 2898140 325211
1049 1844 2018-06-28 16:38:48 14 5285004 902666
55 382 2018-06-28 16:38:48 21 1707278 641401
304 366 2018-06-28 16:38:49 25 8834388 74886
1049 1845 2018-06-28 16:38:49 6 7855242 657860
304 367 2018-06-28 16:38:50 30 7937020 797613
7 376 2018-06-28 16:38:50 5 7792739 210803
7 377 2018-06-28 16:38:51 14 2593448 755527
1049 1846 2018-06-28 16:38:51 3 9216464 1408142
1049 1847 2018-06-28 16:38:52 28 4476688 997906
7 378 2018-06-28 16:38:52 25 8406086 864612
55 383 2018-06-28 16:38:53 23 9033382 1165485
1049 1848 2018-06-28 16:38:53 10 5429865 932453
55 384 2018-06-28 16:38:54 9 8811721 1107015
7 381 2018-06-28 16:40:51 14 8689101 19987
1049 1851 2018-06-28 16:40:52 9 2544550 260239
7 382 2018-06-28 16:40:52 6 9067833 408800
7 383 2018-06-28 16:40:53 5 6038909 1337973
304 370 2018-06-28 16:40:54 26 4351302 405337
250 368 2018-06-28 16:40:54 28 2756382 1101483
55 387 2018-06-28 16:40:55 11 3658667 656232
250 369 2018-06-28 16:40:55 26 2286502 143442
1049 1852 2018-06-28 16:40:56 22 8531776 83675
55 388 2018-06-28 16:40:56 22 6158495 161630
55 389 2018-06-28 16:40:57 26 3861832 1096160
7 385 2018-06-28 16:40:57 9 8296602 1210497
7 386 2018-06-28 16:40:58 18 6100321 1096514
250 372 2018-06-28 16:42:07 30 5144573 669088
1049 1855 2018-06-28 16:42:07 22 7709393 406594
55 392 2018-06-28 16:42:08 30 8573849 476309
55 393 2018-06-28 16:42:08 19 4762417 257001
1049 1856 2018-06-28 16:42:09 28 4646027 520302
304 373 2018-06-28 16:42:09 28 5568377 682033
304 374 2018-06-28 16:42:10 29 1185686 1016913
1049 1857 2018-06-28 16:42:10 16 2342547 630560
55 394 2018-06-28 16:42:11 1 3858687 892976
7 389 2018-06-28 16:42:11 10 2861476 820701
304 375 2018-06-28 16:42:12 15 2783580 1159212
304 377 2018-06-28 16:42:13 1 9793789 850318
55 395 2018-06-28 16:42:13 5 3548944 1296002
304 378 2018-06-28 16:42:14 6 5467464 1168468
1049 1858 2018-06-28 16:42:14 30 9236249 1002223
1049 1859 2018-06-28 16:42:15 27 7013463 455480
250 373 2018-06-28 16:42:15 6 6158222 393179
250 374 2018-06-28 16:42:16 8 3741777 17455
250 375 2018-06-28 16:42:17 13 8376565 251374
55 397 2018-06-28 16:42:17 29 3198662 1360028
7 390 2018-06-28 16:42:18 14 7008465 295604
1049 1860 2018-06-28 16:42:18 20 6832207 1483521
1049 1861 2018-06-28 16:42:19 7 1519763 776169
7 391 2018-06-28 16:42:19 10 3302323 1331487
7 392 2018-06-28 16:42:20 2 7735522 408499
7 393 2018-06-28 16:42:20 23 7727472 40858
7 394 2018-06-28 16:42:21 14 9872077 763471
7 395 2018-06-28 16:42:22 13 5486344 12417
55 398 2018-06-28 16:42:22 15 9967642 1177953
250 376 2018-06-28 16:42:23 12 1937612 840528
250 377 2018-06-28 16:42:24 19 4781608 1254023
250 378 2018-06-28 16:42:24 30 5865226 33952
1049 1863 2018-06-28 16:42:25 12 4918213 421053
55 399 2018-06-28 16:42:25 23 3444524 852014
1049 1864 2018-06-28 16:42:26 24 1995102 747750
7 396 2018-06-28 16:42:26 30 6990570 1273855
7 397 2018-06-28 16:42:27 1 8206021 327599
7 398 2018-06-28 16:42:27 21 8831841 85688
7 399 2018-06-28 16:42:28 27 8499754 210303
7 400 2018-06-28 16:42:28 5 2372672 5398
1049 1865 2018-06-28 16:42:29 8 9592428 715763
304 379 2018-06-28 16:42:29 21 9463760 742499
1049 1866 2018-06-28 16:42:30 24 8105466 358351
250 379 2018-06-28 16:42:30 8 6924340 202770
7 401 2018-06-28 16:42:31 22 3360117 906414
1049 1871 2018-06-29 09:05:03 4 100 100
1049 1873 2018-06-29 09:05:57 26 100 100
1049 1874 2018-06-29 09:06:04 26 100 100
304 382 2018-06-29 09:35:08 19 5093431 156165
250 382 2018-06-29 09:35:09 20 4797192 440501
7 404 2018-06-29 09:35:09 2 9357043 1020428
304 383 2018-06-29 09:35:10 10 3916133 884366
250 383 2018-06-29 09:35:10 23 1243135 1092312
55 402 2018-06-29 09:35:11 17 6675015 1348289
1049 1896 2018-06-29 09:35:11 10 8685135 1073553
304 385 2018-06-29 09:46:23 11 1286484 419362
7 406 2018-06-29 09:46:23 9 3221855 742918
304 386 2018-06-29 09:46:24 14 8909292 1407187
55 404 2018-06-29 09:46:24 6 2083217 1270665
55 405 2018-06-29 09:46:25 6 4563539 248390
1049 1898 2018-06-29 09:46:25 20 4054542 1173616
304 387 2018-06-29 09:46:26 29 1716674 998742
1049 1899 2018-06-29 09:46:27 12 9342961 102107
55 406 2018-06-29 09:46:27 16 7070730 955253
250 385 2018-06-29 09:46:28 17 6450421 596103
55 407 2018-06-29 09:46:28 1 9479643 94564
1049 1900 2018-06-29 09:46:29 3 2581557 809129
304 388 2018-06-29 09:46:29 13 7516511 1088841
1049 1901 2018-06-29 09:46:30 20 7836387 714403
1049 1902 2018-06-29 09:46:30 22 5283605 576170
304 389 2018-06-29 09:46:31 27 6401648 1143974
1049 1903 2018-06-29 09:46:31 14 7368583 1101507
7 408 2018-06-29 09:46:32 18 8818774 440383
304 390 2018-06-29 09:46:32 21 8701928 833778
304 391 2018-06-29 09:46:33 18 7701214 627049
1049 1904 2018-06-29 09:46:33 19 9601261 509736
55 408 2018-06-29 09:46:34 22 8996822 460931
55 409 2018-06-29 09:46:35 24 2002046 236242
7 410 2018-06-29 09:46:57 14 2080719 401640
250 387 2018-06-29 09:46:57 10 6538914 954242
7 411 2018-06-29 09:46:58 3 8260803 88500
250 388 2018-06-29 09:46:58 21 1227709 744675
304 394 2018-06-29 09:46:59 30 6328296 307052
55 411 2018-06-29 09:47:00 20 2108595 797137
1049 1906 2018-06-29 09:47:00 22 4343207 845397
304 395 2018-06-29 09:47:01 23 6789959 249916
250 389 2018-06-29 09:47:01 10 7919978 1365594
1049 1907 2018-06-29 09:47:02 26 5182340 1255672
55 412 2018-06-29 09:47:02 8 8197665 179029
7 412 2018-06-29 09:47:03 13 7352300 822356
7 413 2018-06-29 09:47:03 9 6208558 607381
304 396 2018-06-29 09:47:04 30 8853042 843305
7 414 2018-06-29 09:47:05 28 4472560 936636
250 391 2018-06-29 09:47:05 16 6508949 504959
250 392 2018-06-29 09:47:06 8 2943319 376576
250 393 2018-06-29 09:47:06 4 3387238 150579
1049 1908 2018-06-29 09:47:07 26 3787107 1330253
7 415 2018-06-29 09:47:07 18 2273056 78885
55 414 2018-06-29 09:49:34 13 3626978 1121933
304 398 2018-06-29 09:49:34 27 5242185 680249
304 399 2018-06-29 09:49:35 22 7186148 121737
250 395 2018-06-29 09:49:35 19 8455093 196267
55 416 2018-06-29 09:49:36 2 3496028 379795
7 417 2018-06-29 09:49:37 9 4299969 624871
7 418 2018-06-29 09:49:37 29 6147201 948368
7 419 2018-06-29 09:49:38 4 1802220 622651
7 420 2018-06-29 09:49:38 7 5264276 816337
304 400 2018-06-29 09:49:39 13 5140723 10023
1049 1912 2018-06-29 09:49:39 3 4284951 1089671
7 421 2018-06-29 09:49:40 15 9946851 9356
7 422 2018-06-29 09:49:40 7 1087084 954620
250 396 2018-06-29 09:49:41 17 7971993 21706
1049 1914 2018-06-29 09:49:42 11 4417180 904170
55 417 2018-06-29 09:49:42 30 1197575 122803
250 397 2018-06-29 09:49:43 3 2027154 558787
250 398 2018-06-29 09:49:43 3 2750259 1311355
250 399 2018-06-29 09:49:44 19 4485974 826991
250 401 2018-06-29 10:36:23 18 8256055 503723
7 424 2018-06-29 10:36:24 14 1710619 741411
304 402 2018-06-29 10:36:24 26 5693223 1217126
250 402 2018-06-29 10:36:25 21 8956132 1137178
304 403 2018-06-29 10:36:25 11 7049067 808838
7 425 2018-06-29 10:36:26 7 8681155 1277883
7 426 2018-06-29 10:36:26 5 6674569 92479
55 419 2018-06-29 10:36:27 8 9446587 115163
55 420 2018-06-29 10:36:27 13 7727617 865090
7 427 2018-06-29 10:36:28 21 7367410 561098
55 421 2018-06-29 10:36:29 20 9574422 397345
250 403 2018-06-29 10:36:30 21 2084080 739040
304 405 2018-06-29 10:38:53 10 3173042 517229
7 430 2018-06-29 10:38:53 15 4628256 150851
55 423 2018-06-29 10:38:54 23 7133931 390263
55 424 2018-06-29 10:38:54 14 3312538 419036
55 425 2018-06-29 10:38:55 30 1530549 476082
250 405 2018-06-29 10:38:55 20 9191281 1417152
304 406 2018-06-29 10:38:56 17 6543236 1372196
304 407 2018-06-29 10:38:56 4 6903603 1129991
250 406 2018-06-29 10:38:57 10 1271069 1022542
7 431 2018-06-29 10:38:57 9 6844595 713900
7 432 2018-06-29 10:38:58 19 9382352 158615
55 426 2018-06-29 10:38:58 11 9043758 1071143
55 427 2018-06-29 10:38:59 19 3143233 1113013
250 407 2018-06-29 10:38:59 7 6110931 967821
55 428 2018-06-29 10:39:00 1 9048702 643591
304 408 2018-06-29 10:39:00 27 8062581 979720
7 433 2018-06-29 10:39:01 17 2130454 39569
7 434 2018-06-29 10:39:01 28 9704037 477811
55 429 2018-06-29 10:39:02 9 2035236 749351
250 408 2018-06-29 10:39:03 12 5546728 893223
1049 1918 2018-06-29 10:41:41 5 1215942 1140745
1049 1919 2018-06-29 10:41:42 23 8717279 1377792
55 431 2018-06-29 10:41:42 29 6825283 179396
304 411 2018-06-29 10:41:43 6 2171719 938380
250 411 2018-06-29 10:41:44 20 4277992 753065
7 436 2018-06-29 10:41:44 13 9707974 720714
55 432 2018-06-29 10:41:45 24 8851239 1111505
250 412 2018-06-29 10:41:45 28 6927665 127462
55 433 2018-06-29 10:41:46 5 4906430 763738
7 437 2018-06-29 10:41:46 29 5102391 556368
250 413 2018-06-29 10:41:47 7 4953168 1460897
7 438 2018-06-29 10:41:47 22 3360479 1444491
250 414 2018-06-29 10:41:48 16 4189006 1197926
7 439 2018-06-29 10:41:48 28 2491821 1467414
1049 1920 2018-06-29 10:41:49 11 3538390 1234008
250 415 2018-06-29 10:41:49 6 5600535 94582
1049 1921 2018-06-29 10:41:50 27 3058563 667693
1049 1922 2018-06-29 10:41:50 9 1649843 929041
55 434 2018-06-29 10:41:51 15 6564625 1121365
304 412 2018-06-29 10:41:51 1 6217565 1171490
1049 1923 2018-06-29 10:41:52 14 6856608 541868
55 435 2018-06-29 10:41:53 22 6553690 42111
304 414 2018-06-29 10:41:53 2 9007739 1178888
250 416 2018-06-29 10:41:54 4 9179473 977270
7 440 2018-06-29 10:41:55 16 7408985 943566
304 415 2018-06-29 10:41:55 4 5949482 885754
304 416 2018-06-29 10:41:56 20 2324174 628492
304 417 2018-06-29 10:41:56 8 3155974 50378
304 418 2018-06-29 10:41:57 29 1490166 906506
1049 1924 2018-06-29 10:41:57 28 5450357 15685
55 436 2018-06-29 10:41:58 20 7003943 120797
55 438 2018-06-29 10:41:59 3 1175587 1391673
7 441 2018-06-29 10:41:59 3 8226997 866071
1049 1925 2018-06-29 10:42:00 27 5083695 981171
55 439 2018-06-29 10:42:00 22 6862106 22563
304 419 2018-06-29 10:42:01 13 7492506 7729
55 440 2018-06-29 10:42:01 14 1810859 1036279
55 441 2018-06-29 10:42:02 24 6474001 229226
55 442 2018-06-29 10:42:02 6 2231780 940557
250 417 2018-06-29 10:42:03 27 3843842 1110768
304 420 2018-06-29 10:42:03 2 4142260 24847
7 442 2018-06-29 10:42:04 27 5525813 1409542
7 443 2018-06-29 10:42:04 20 9073079 1142849
304 421 2018-06-29 10:42:05 26 5176159 1348809
55 443 2018-06-29 10:42:05 6 6374719 106282
1049 1926 2018-06-29 10:42:06 3 9043878 1207516
250 418 2018-06-29 10:42:06 11 7558600 311887
304 422 2018-06-29 10:42:07 9 5977235 794058
55 444 2018-06-29 10:42:07 16 4159860 227809
304 423 2018-06-29 10:42:08 22 5926064 117947
55 445 2018-06-29 10:42:08 6 1121423 537844
55 446 2018-06-29 10:42:09 18 2569898 1283100
250 419 2018-06-29 10:42:10 2 5044003 264094
55 447 2018-06-29 10:42:11 19 7805140 1158057
55 448 2018-06-29 10:42:11 27 1142263 1301435
250 420 2018-06-29 10:42:12 1 7679157 147733
1049 1927 2018-06-29 10:42:12 24 3425294 1327138
304 424 2018-06-29 10:42:13 21 2556357 1107217
7 445 2018-06-29 10:42:13 7 5373619 381305
304 425 2018-06-29 10:42:14 27 7892576 832085
250 421 2018-06-29 10:42:14 20 3455099 850541
7 446 2018-06-29 10:42:15 13 9558012 251249
1049 1929 2018-06-29 10:42:16 8 9216405 954232
55 449 2018-06-29 10:42:16 15 2141391 1259826
7 447 2018-06-29 10:42:17 6 2752588 1172505
304 426 2018-06-29 10:42:17 26 8995010 796812
7 448 2018-06-29 10:42:18 16 7010457 1265096
7 449 2018-06-29 10:42:18 3 3862931 95755
7 450 2018-06-29 10:42:19 12 4335513 288684
7 451 2018-06-29 10:42:19 7 1030348 627656
7 452 2018-06-29 10:42:20 22 5059070 613728
7 453 2018-06-29 10:42:20 26 5339025 956113
304 427 2018-06-29 10:42:21 21 6239378 475519
250 422 2018-06-29 10:42:21 30 2569703 1154031
250 423 2018-06-29 10:42:22 4 2276354 987066
304 428 2018-06-29 10:42:22 22 3205039 265229
250 424 2018-06-29 10:42:23 6 2026291 7352
1049 1930 2018-06-29 10:42:23 3 9931174 528273
7 454 2018-06-29 10:42:24 21 2913093 1477941
250 425 2018-06-29 10:42:24 13 7378727 1157913
304 429 2018-06-29 10:42:25 10 1720641 677204
1049 1931 2018-06-29 10:42:26 11 4597547 938055
55 450 2018-06-29 10:42:27 16 6014025 242184
7 455 2018-06-29 10:42:27 23 4641766 8157
55 451 2018-06-29 10:42:28 14 3888340 1234644
1049 1932 2018-06-29 10:42:28 28 2654900 352954
55 453 2018-06-29 10:42:30 8 9265847 1098787
7 456 2018-06-29 10:42:30 25 8757931 1449325
55 454 2018-06-29 10:42:31 13 5136339 804044
55 455 2018-06-29 10:42:31 1 4609892 545258
304 431 2018-06-29 10:42:32 6 2668022 779269
304 432 2018-06-29 10:42:32 15 3803211 612082
304 433 2018-06-29 10:42:33 12 8504280 707971
250 427 2018-06-29 10:42:33 16 4684286 1003575
55 456 2018-06-29 10:42:34 20 6181137 887202
7 457 2018-06-29 10:42:34 8 2076002 567661
250 428 2018-06-29 10:42:35 26 3663262 1357724
250 429 2018-06-29 10:42:35 1 6147521 870613
55 457 2018-06-29 10:42:36 20 1582111 327993
1049 1933 2018-06-29 10:42:36 25 3558771 504661
1049 1934 2018-06-29 10:42:37 6 3997509 1152117
55 458 2018-06-29 10:42:37 22 9860096 1074505
7 458 2018-06-29 10:42:38 22 8237201 192021
1049 1935 2018-06-29 10:42:38 25 5692498 616341
55 459 2018-06-29 10:42:39 17 4909716 1183210
304 434 2018-06-29 10:42:39 12 2362668 1275293
250 430 2018-06-29 10:42:40 23 3232872 1144895
55 460 2018-06-29 10:42:40 9 1961923 785584
1049 1936 2018-06-29 10:42:41 16 1402547 751217
55 461 2018-06-29 10:42:41 19 4170163 1306962
304 435 2018-06-29 10:42:42 29 3657888 1266470
55 462 2018-06-29 10:42:42 18 7718685 317581
7 459 2018-06-29 10:42:43 27 8580450 414316
7 460 2018-06-29 10:42:43 21 1271867 884804
1049 1937 2018-06-29 10:42:44 16 7425623 245183
1049 1938 2018-06-29 10:42:44 22 6806980 990175
55 463 2018-06-29 10:42:45 14 7466068 337213
304 436 2018-06-29 10:42:46 6 9339168 1165479
1049 1939 2018-06-29 10:42:47 17 3871779 795161
250 431 2018-06-29 10:42:47 14 1191621 397807
7 462 2018-06-29 10:42:48 16 7038471 272034
55 464 2018-06-29 10:42:48 27 3358378 1154285
7 463 2018-06-29 10:42:49 20 6196254 1116896
7 464 2018-06-29 10:42:49 16 4187692 1456659
55 465 2018-06-29 10:42:50 1 6826541 458882
7 465 2018-06-29 10:42:50 13 1042750 888216
304 437 2018-06-29 10:42:51 12 5730641 664119
55 467 2018-06-29 10:42:52 22 9557180 104545
304 438 2018-06-29 10:42:52 14 3786741 919823
250 432 2018-06-29 10:42:53 5 6067355 604015
7 466 2018-06-29 10:42:53 26 7962559 727839
1049 1940 2018-06-29 10:42:54 15 1071956 479817
1049 1941 2018-06-29 10:42:54 9 7571645 224009
304 439 2018-06-29 10:42:55 23 7769368 637352
1049 1942 2018-06-29 10:42:55 18 3826254 353328
1049 1943 2018-06-29 10:42:56 22 1825959 108510
55 468 2018-06-29 10:42:56 3 3323162 34453
1049 1944 2018-06-29 10:42:57 19 4208918 401929
304 440 2018-06-29 10:42:57 20 8361579 1294769
250 433 2018-06-29 10:42:58 9 6608539 684341
250 434 2018-06-29 10:42:58 11 5785104 952315
7 467 2018-06-29 10:42:59 23 6379110 286179
55 469 2018-06-29 10:42:59 12 2216689 238380
304 441 2018-06-29 10:43:00 12 8224465 755562
250 435 2018-06-29 10:43:00 22 3829264 774892
250 436 2018-06-29 10:43:01 4 9155797 1256931
250 437 2018-06-29 10:43:02 18 3574704 500619
1049 1945 2018-06-29 10:43:02 16 3338327 1070374
55 470 2018-06-29 10:43:03 4 4834450 1135638
55 471 2018-06-29 10:43:04 5 1094089 459233
55 472 2018-06-29 10:43:05 15 8245020 291661
7 468 2018-06-29 10:43:05 4 8255535 1330742
7 469 2018-06-29 10:43:06 27 6483099 590850
1049 1947 2018-06-29 10:43:06 24 2752498 1329857
55 473 2018-06-29 10:43:07 11 8449452 1399468
304 443 2018-06-29 10:43:07 17 5273395 316014
304 445 2018-06-29 10:45:18 19 4477510 57952
7 471 2018-06-29 10:45:19 20 9769032 637161
1049 1949 2018-06-29 10:45:19 3 6109904 238642
304 446 2018-06-29 10:45:20 13 7922970 776860
304 447 2018-06-29 10:45:20 20 1172590 962795
250 439 2018-06-29 10:45:21 9 8029391 495425
304 448 2018-06-29 10:45:21 29 1820670 549508
304 450 2018-06-29 10:47:13 16 7444179 933467
7 473 2018-06-29 10:47:13 19 6226372 1281153
250 442 2018-06-29 10:47:14 5 6993330 331386
55 475 2018-06-29 10:47:14 22 4940456 932858
250 443 2018-06-29 10:47:15 26 6831986 271380
1049 1953 2018-06-29 10:47:15 25 2772620 904581
55 476 2018-06-29 10:47:16 22 3521041 1013977
304 451 2018-06-29 10:47:16 24 8294214 289668
1049 1954 2018-06-29 10:47:17 3 5242787 1476687
