77
/Widths[500 500 500 500 500 500 500 500 500 500 500 500 500 500 500 500
500 500 500 500 500 500 500 500 500 500 500 500 500 500 500 500
500 500 500 500 500 500 500 500 500 500 500 500 500 500 500 500
500 500 500 500 500 500 500 500 500 500 500 500 500 500 500 500
500 500 500 500 500 500 500 500 500 500 500 500 500 500 ]
/FontDescriptor 7 0 R
/ToUnicode 8 0 R
>>
endobj

10 0 obj
<</F1 9 0 R
>>
endobj

11 0 obj
<</Font 10 0 R
/ProcSet[/PDF/Text]
>>
endobj

1 0 obj
<</Type/Page/Parent 4 0 R/Resources 11 0 R